2 0.533019 0.634172 0.198113 0.322851
2 0.340802 0.9413 0.03066 0.039832
2 0.217571 0.970126 0.067217 0.059748
2 0.238797 0.861635 0.0625 0.090147
2 0.105542 0.87631 0.069575 0.073375
2 0.143868 0.772537 0.063679 0.121593
2 0.037146 0.668763 0.060142 0.102725
2 0.382665 0.380503 0.057783 0.109015
0 0.493514 0.22956 0.071934 0.159329
0 0.29717 0.761006 0.113208 0.15304
0 0.189858 0.657233 0.108491 0.159329
0 0.086085 0.544025 0.115566 0.184486
0 0.017689 0.443396 0.035377 0.138365
0 0.07783 0.964885 0.061321 0.07023
0 0.01533 0.945493 0.03066 0.098532
4 0.141509 0.352201 0.127358 0.220126
