0 0.429835 0.791405 0.067217 0.1174
0 0.451651 0.156184 0.101415 0.155136
0 0.564269 0.17086 0.097877 0.138365
0 0.679245 0.186583 0.09434 0.148847
0 0.791863 0.212788 0.09316 0.142558
0 0.900943 0.219078 0.089623 0.159329
0 0.98467 0.250524 0.03066 0.109015
0 0.016509 0.157233 0.033018 0.174004
0 0.03066 0.037212 0.06132 0.074423
2 0.271226 0.468553 0.174528 0.285115
2 0.485259 0.585954 0.064858 0.109015
2 0.379127 0.049266 0.024764 0.041929
2 0.895637 0.09434 0.079009 0.081761
2 0.792453 0.090147 0.070755 0.073375
2 0.692807 0.069182 0.071934 0.069182
2 0.587854 0.059748 0.071934 0.075472
2 0.48408 0.042977 0.064858 0.0587
4 0.685142 0.40566 0.132075 0.150943
