2 0.619693 0.383648 0.192217 0.320755
2 0.535377 0.875262 0.127358 0.171908
2 0.389151 0.855346 0.080189 0.169811
2 0.274764 0.82914 0.066038 0.188679
2 0.169222 0.795597 0.076651 0.192872
2 0.058962 0.757862 0.070755 0.201258
2 0.397406 0.189727 0.075472 0.134172
2 0.952241 0.922432 0.095518 0.106918
2 0.972877 0.766247 0.054245 0.109015
4 0.169811 0.359539 0.146226 0.159329
0 0.414505 0.669811 0.104953 0.150943
0 0.295991 0.636268 0.09434 0.150943
0 0.178066 0.599581 0.103774 0.157233
0 0.053656 0.560797 0.104953 0.150943
0 0.073113 0.948113 0.080189 0.103774
0 0.175118 0.958595 0.095519 0.082809
0 0.270047 0.971174 0.058962 0.057652
0 0.382665 0.983753 0.048349 0.032494
0 0.896816 0.730608 0.112028 0.184486
0 0.849646 0.896226 0.097877 0.134172
0 0.81309 0.97956 0.069575 0.04088
0 0.471698 0.017296 0.049528 0.034591
