4 0.241745 0.468553 0.120283 0.176101
0 0.891509 0.059224 0.09434 0.118448
0 0.446344 0.165618 0.104953 0.157233
0 0.335495 0.218029 0.097877 0.140461
0 0.224057 0.262055 0.099057 0.148847
0 0.111439 0.322851 0.100236 0.15304
0 0.027123 0.388889 0.054245 0.146751
0 0.543632 0.773585 0.070755 0.132075
2 0.650354 0.398323 0.192217 0.287212
2 0.459316 0.58805 0.055425 0.113208
2 0.090802 0.196017 0.07783 0.083857
2 0.199292 0.143606 0.063679 0.075472
2 0.302476 0.099581 0.064858 0.092243
2 0.404481 0.054507 0.054245 0.069182
2 0.185731 0.032495 0.069575 0.062893
2 0.086675 0.075472 0.053066 0.069182
2 0.510613 0.026205 0.025943 0.041929
