2 0.466981 0.634172 0.198113 0.322851
2 0.659198 0.9413 0.03066 0.039832
2 0.782429 0.970126 0.067217 0.059748
2 0.761203 0.861635 0.0625 0.090147
2 0.894458 0.87631 0.069575 0.073375
2 0.856132 0.772537 0.063679 0.121593
2 0.962854 0.668763 0.060142 0.102725
2 0.617335 0.380503 0.057783 0.109015
0 0.506486 0.22956 0.071934 0.159329
0 0.70283 0.761006 0.113208 0.15304
0 0.810142 0.657233 0.108491 0.159329
0 0.913915 0.544025 0.115566 0.184486
0 0.982311 0.443396 0.035377 0.138365
0 0.92217 0.964885 0.061321 0.07023
0 0.98467 0.945493 0.03066 0.098532
4 0.858491 0.352201 0.127358 0.220126
