0 0.570165 0.791405 0.067217 0.1174
0 0.548349 0.156184 0.101415 0.155136
0 0.435731 0.17086 0.097877 0.138365
0 0.320755 0.186583 0.09434 0.148847
0 0.208137 0.212788 0.09316 0.142558
0 0.099057 0.219078 0.089623 0.159329
0 0.01533 0.250524 0.03066 0.109015
0 0.983491 0.157233 0.033018 0.174004
0 0.96934 0.037212 0.06132 0.074423
2 0.728774 0.468553 0.174528 0.285115
2 0.514741 0.585954 0.064858 0.109015
2 0.620873 0.049266 0.024764 0.041929
2 0.104363 0.09434 0.079009 0.081761
2 0.207547 0.090147 0.070755 0.073375
2 0.307193 0.069182 0.071934 0.069182
2 0.412146 0.059748 0.071934 0.075472
2 0.51592 0.042977 0.064858 0.0587
4 0.314858 0.40566 0.132075 0.150943
