4 0.017025 0.536117 0.034049 0.072235
4 0.668706 0.906885 0.070189 0.082393
4 0.741009 0.905192 0.037208 0.051919
4 0.808238 0.887698 0.060041 0.057562
2 0.403174 0.659142 0.078645 0.090293
2 0.577799 0.616253 0.094712 0.130926
2 0.768915 0.54684 0.049047 0.093679
2 0.856017 0.506208 0.059195 0.109481
2 0.963948 0.451467 0.072103 0.126411
2 0.557504 0.485327 0.067652 0.076749
2 0.393026 0.51693 0.05835 0.074492
6 0.458563 0.497178 0.025369 0.030474
0 0.462369 0.14842 0.432125 0.29684
0 0.941116 0.904063 0.117768 0.191874
0 0.801473 0.945824 0.17674 0.108352
