6 0.443765 0.739842 0.012685 0.028217
2 0.449261 0.833521 0.069343 0.077878
2 0.557504 0.823363 0.067652 0.095937
2 0.551162 0.585779 0.080336 0.103837
2 0.442919 0.613995 0.060041 0.081264
2 0.51945 0.32167 0.06596 0.090293
2 0.497463 0.207111 0.081182 0.100451
2 0.472939 0.047968 0.108243 0.095936
0 0.16005 0.698646 0.317963 0.575621
0 0.923357 0.729684 0.153285 0.292325
0 0.87589 0.39842 0.16321 0.446953
0 0.845869 0.098758 0.204646 0.197516
4 0.775258 0.50395 0.063423 0.102709
4 0.782446 0.404628 0.043974 0.066591
4 0.782446 0.316591 0.0389 0.077878
