0 0.418818 0.1614 0.466797 0.320542
0 0.95972 0.886005 0.08056 0.22799
0 0.843755 0.910835 0.175049 0.17833
0 0.702109 0.974041 0.111625 0.051918
2 0.423892 0.677201 0.069343 0.108352
2 0.589216 0.604966 0.092175 0.10158
2 0.39218 0.530474 0.073571 0.076749
2 0.560041 0.478555 0.067652 0.081264
2 0.775681 0.5 0.059195 0.074492
2 0.85052 0.448646 0.060041 0.08465
2 0.958875 0.393341 0.08225 0.116253
6 0.459409 0.503386 0.025369 0.031603
4 0.701687 0.880361 0.076954 0.090293
4 0.777372 0.865124 0.043974 0.062077
4 0.839527 0.8386 0.060041 0.06772
4 0.018293 0.606659 0.036586 0.068849
0 0.983287 0.136569 0.03298 0.045147
0 0.719445 0.357788 0.002537 0.002257
