0 0.186999 0.28781 0.373998 0.57562
0 0.91321 0.620767 0.17358 0.336343
0 0.786674 0.835214 0.241855 0.329571
2 0.500846 0.269187 0.074417 0.107223
2 0.607397 0.339729 0.09133 0.115124
2 0.440382 0.485892 0.078645 0.098194
2 0.532557 0.549661 0.095558 0.119639
2 0.438268 0.784989 0.069343 0.091422
2 0.379073 0.888826 0.076108 0.120767
2 0.319032 0.975169 0.098095 0.049661
6 0.478013 0.360045 0.021987 0.03386
4 0.986358 0.129233 0.027284 0.111738
4 0.724096 0.740971 0.06596 0.086907
4 0.706338 0.840293 0.040591 0.057562
4 0.675894 0.925508 0.049047 0.076749
