0 0.798513 0.336343 0.346715 0.625282
0 0.080448 0.780474 0.160896 0.281038
0 0.051273 0.426637 0.102546 0.458239
0 0.035206 0.104402 0.070412 0.208804
2 0.437845 0.673815 0.07188 0.081264
2 0.540591 0.625282 0.062578 0.088036
2 0.387952 0.444131 0.076954 0.111738
2 0.48647 0.406321 0.060887 0.108352
2 0.33975 0.18228 0.070189 0.093679
2 0.325797 0.060948 0.077799 0.099323
6 0.520296 0.532731 0.018604 0.036117
4 0.145674 0.477427 0.042282 0.106095
4 0.108889 0.391084 0.029598 0.071106
4 0.085633 0.302483 0.035517 0.092551
