4 0.982975 0.536117 0.034049 0.072235
4 0.331294 0.906885 0.070189 0.082393
4 0.258991 0.905192 0.037208 0.051919
4 0.191762 0.887698 0.060041 0.057562
2 0.596826 0.659142 0.078645 0.090293
2 0.422201 0.616253 0.094712 0.130926
2 0.231085 0.54684 0.049047 0.093679
2 0.143983 0.506208 0.059195 0.109481
2 0.036052 0.451467 0.072103 0.126411
2 0.442496 0.485327 0.067652 0.076749
2 0.606974 0.51693 0.05835 0.074492
6 0.541437 0.497178 0.025369 0.030474
0 0.537631 0.14842 0.432125 0.29684
0 0.058884 0.904063 0.117768 0.191874
0 0.198527 0.945824 0.17674 0.108352
