0 0.581182 0.1614 0.466797 0.320542
0 0.04028 0.886005 0.08056 0.22799
0 0.156245 0.910835 0.175049 0.17833
0 0.297891 0.974041 0.111625 0.051918
2 0.576108 0.677201 0.069343 0.108352
2 0.410784 0.604966 0.092175 0.10158
2 0.60782 0.530474 0.073571 0.076749
2 0.439959 0.478555 0.067652 0.081264
2 0.224319 0.5 0.059195 0.074492
2 0.14948 0.448646 0.060041 0.08465
2 0.041125 0.393341 0.08225 0.116253
6 0.540591 0.503386 0.025369 0.031603
4 0.298313 0.880361 0.076954 0.090293
4 0.222628 0.865124 0.043974 0.062077
4 0.160473 0.8386 0.060041 0.06772
4 0.981707 0.606659 0.036586 0.068849
0 0.016713 0.136569 0.03298 0.045147
0 0.280555 0.357788 0.002537 0.002257
