6 0.536786 0.729684 0.021141 0.030474
0 0.885615 0.235327 0.223251 0.378104
0 0.644183 0.106659 0.279909 0.213318
0 0.245883 0.825621 0.378004 0.348758
2 0.667015 0.679458 0.078645 0.099323
2 0.524101 0.522009 0.087102 0.111738
2 0.368079 0.356659 0.059195 0.076749
2 0.292817 0.305869 0.069343 0.097065
2 0.196836 0.194131 0.090484 0.160271
2 0.466174 0.625847 0.067652 0.089165
2 0.584142 0.77991 0.066806 0.083521
4 0.652216 0.242664 0.082873 0.065463
4 0.608243 0.159142 0.05243 0.040632
4 0.560887 0.09763 0.054121 0.053047
0 0.041237 0.314334 0.029598 0.039503
