4 0.183306 0.304176 0.05835 0.107223
4 0.122842 0.357788 0.037208 0.063205
4 0.071257 0.419865 0.047356 0.072235
4 0.894494 0.110045 0.080336 0.095937
0 0.190916 0.067156 0.244392 0.134312
0 0.09271 0.275959 0.18542 0.402935
0 0.714794 0.76298 0.480327 0.47404
2 0.506342 0.315463 0.076954 0.098194
2 0.376536 0.483634 0.098095 0.104966
2 0.579068 0.419865 0.078645 0.076749
2 0.464906 0.560384 0.05835 0.08465
2 0.244615 0.67833 0.071034 0.088036
2 0.203178 0.787246 0.06596 0.091422
2 0.10762 0.925508 0.135303 0.139955
6 0.530443 0.484199 0.021987 0.031603
