6 0.463214 0.729684 0.021141 0.030474
0 0.114385 0.235327 0.223251 0.378104
0 0.355817 0.106659 0.279909 0.213318
0 0.754117 0.825621 0.378004 0.348758
2 0.332985 0.679458 0.078645 0.099323
2 0.475899 0.522009 0.087102 0.111738
2 0.631921 0.356659 0.059195 0.076749
2 0.707183 0.305869 0.069343 0.097065
2 0.803164 0.194131 0.090484 0.160271
2 0.533826 0.625847 0.067652 0.089165
2 0.415858 0.77991 0.066806 0.083521
4 0.347784 0.242664 0.082873 0.065463
4 0.391757 0.159142 0.05243 0.040632
4 0.439113 0.09763 0.054121 0.053047
0 0.958763 0.314334 0.029598 0.039503
