0 0.418818 0.8386 0.466797 0.320542
0 0.95972 0.113995 0.08056 0.22799
0 0.843755 0.089165 0.175049 0.17833
0 0.702109 0.025959 0.111625 0.051918
2 0.423892 0.322799 0.069343 0.108352
2 0.589216 0.395034 0.092175 0.10158
2 0.39218 0.469526 0.073571 0.076749
2 0.560041 0.521445 0.067652 0.081264
2 0.775681 0.5 0.059195 0.074492
2 0.85052 0.551354 0.060041 0.08465
2 0.958875 0.606659 0.08225 0.116253
6 0.459409 0.496614 0.025369 0.031603
4 0.701687 0.119639 0.076954 0.090293
4 0.777372 0.134876 0.043974 0.062077
4 0.839527 0.1614 0.060041 0.06772
4 0.018293 0.393341 0.036586 0.068849
0 0.983287 0.863431 0.03298 0.045147
0 0.719445 0.642212 0.002537 0.002257
