6 0.503383 0.462754 0.020296 0.036117
2 0.378227 0.409142 0.081182 0.109481
2 0.493235 0.365124 0.076108 0.113995
2 0.521987 0.5886 0.067652 0.086907
2 0.421778 0.634312 0.075263 0.119639
2 0.486892 0.892212 0.061732 0.095937
2 0.519027 0.979684 0.078645 0.040632
0 0.811621 0.441874 0.339104 0.624153
0 0.059307 0.579007 0.118614 0.293454
0 0.10624 0.838036 0.21248 0.323928
4 0.196836 0.775959 0.065115 0.104966
4 0.208252 0.879233 0.037208 0.065463
4 0.223051 0.964447 0.046511 0.071106
4 0.025058 0.076749 0.050116 0.142212
