2 0.455604 0.312641 0.073571 0.083521
2 0.613317 0.437923 0.077799 0.099323
2 0.407402 0.443002 0.070189 0.075621
2 0.554121 0.543454 0.086256 0.071106
2 0.76807 0.588036 0.064269 0.072235
2 0.833185 0.676637 0.071034 0.091422
2 0.941116 0.768059 0.117768 0.132054
0 0.347784 0.805305 0.470179 0.38939
0 0.872619 0.157449 0.254762 0.303612
4 0.042817 0.244357 0.085633 0.08465
4 0.773989 0.209932 0.05243 0.097065
4 0.837413 0.240971 0.0389 0.055305
4 0.898299 0.285553 0.059195 0.069977
6 0.464483 0.491535 0.023678 0.021445
