0 0.201487 0.336343 0.346715 0.625282
0 0.919552 0.780474 0.160896 0.281038
0 0.948727 0.426637 0.102546 0.458239
0 0.964794 0.104402 0.070412 0.208804
2 0.562155 0.673815 0.07188 0.081264
2 0.459409 0.625282 0.062578 0.088036
2 0.612048 0.444131 0.076954 0.111738
2 0.51353 0.406321 0.060887 0.108352
2 0.66025 0.18228 0.070189 0.093679
2 0.674203 0.060948 0.077799 0.099323
6 0.479704 0.532731 0.018604 0.036117
4 0.854326 0.477427 0.042282 0.106095
4 0.891111 0.391084 0.029598 0.071106
4 0.914367 0.302483 0.035517 0.092551
