6 0.525369 0.527652 0.030443 0.021445
2 0.593021 0.546275 0.064269 0.103837
2 0.568075 0.69921 0.082028 0.095937
2 0.390912 0.625847 0.089638 0.11851
2 0.209098 0.53781 0.060887 0.102709
2 0.129607 0.483634 0.062578 0.107223
2 0.0314 0.422122 0.0628 0.117381
0 0.547779 0.168736 0.445655 0.337472
0 0.109623 0.9193 0.219246 0.1614
4 0.278864 0.930023 0.078645 0.094808
4 0.971559 0.61456 0.056881 0.068849
4 0.946078 0.946388 0.073571 0.107223
4 0.197259 0.91535 0.050739 0.076749
4 0.127916 0.895034 0.060887 0.069977
2 0.425583 0.498307 0.077799 0.091422
