0 0.904753 0.174379 0.190494 0.337472
0 0.903062 0.528781 0.193876 0.423251
0 0.88646 0.871896 0.221559 0.251693
0 0.159939 0.578442 0.319877 0.642212
4 0.76807 0.597065 0.049047 0.106095
4 0.792171 0.502822 0.034671 0.068849
4 0.809506 0.413657 0.028752 0.073363
4 0.836567 0.060948 0.037208 0.06772
2 0.499577 0.838036 0.092175 0.077878
2 0.534249 0.598758 0.078645 0.113995
2 0.54947 0.332957 0.056658 0.088036
2 0.556658 0.222348 0.060887 0.103837
2 0.558772 0.051919 0.105706 0.103837
2 0.424315 0.590858 0.060041 0.089165
2 0.393026 0.805305 0.063423 0.075621
6 0.401482 0.718962 0.021141 0.031603
