0 0.86701 0.150113 0.263842 0.300226
0 0.229393 0.774831 0.429588 0.450338
4 0.968177 0.861174 0.063646 0.099323
4 0.612048 0.125847 0.083719 0.082393
4 0.568075 0.044582 0.039745 0.041761
2 0.61839 0.562077 0.079491 0.090293
2 0.481819 0.397856 0.102323 0.123025
2 0.332562 0.234199 0.071034 0.077878
2 0.255608 0.180587 0.067652 0.085779
2 0.155822 0.073928 0.079491 0.129797
2 0.536363 0.656885 0.059195 0.099323
2 0.420509 0.517494 0.072726 0.08465
6 0.510571 0.629797 0.024524 0.031603
0 0.007722 0.192438 0.015444 0.044018
