4 0.183306 0.695824 0.05835 0.107223
4 0.122842 0.642212 0.037208 0.063205
4 0.071257 0.580135 0.047356 0.072235
4 0.894494 0.889955 0.080336 0.095937
0 0.190916 0.932844 0.244392 0.134312
0 0.09271 0.724041 0.18542 0.402935
0 0.714794 0.23702 0.480327 0.47404
2 0.506342 0.684537 0.076954 0.098194
2 0.376536 0.516366 0.098095 0.104966
2 0.579068 0.580135 0.078645 0.076749
2 0.464906 0.439616 0.05835 0.08465
2 0.244615 0.32167 0.071034 0.088036
2 0.203178 0.212754 0.06596 0.091422
2 0.10762 0.074492 0.135303 0.139955
6 0.530443 0.515801 0.021987 0.031603
