0 0.214033 0.163522 0.100236 0.165618
0 0.277712 0.043501 0.088443 0.087002
0 0.014151 0.043501 0.028302 0.087002
0 0.666863 0.374214 0.10967 0.171908
0 0.784198 0.443396 0.110849 0.159329
0 0.909788 0.523061 0.114387 0.167715
0 0.990566 0.613208 0.018868 0.129979
0 0.95342 0.110063 0.09316 0.138365
0 0.84434 0.068658 0.084906 0.137316
0 0.737028 0.035115 0.073113 0.07023
4 0.89092 0.768344 0.133255 0.213836
2 0.429835 0.577568 0.227594 0.377358
2 0.633844 0.83543 0.074292 0.1174
2 0.572524 0.119497 0.10967 0.220126
2 0.712854 0.190776 0.083726 0.18239
2 0.831958 0.265199 0.076651 0.201258
2 0.942807 0.321803 0.090802 0.201258
2 0.051887 0.291405 0.103774 0.215933
2 0.112028 0.09434 0.106132 0.132075
