0 0.113797 0.732704 0.112028 0.218029
0 0.201061 0.5587 0.121462 0.201258
0 0.275354 0.402516 0.107311 0.169811
0 0.348467 0.265199 0.107311 0.163522
0 0.396816 0.138365 0.09316 0.132075
0 0.461675 0.043501 0.069575 0.087002
0 0.623821 0.041405 0.115566 0.082809
0 0.708726 0.144654 0.115566 0.140461
0 0.944575 0.043501 0.106132 0.087002
0 0.132665 0.080713 0.104953 0.113208
0 0.064269 0.19392 0.116745 0.121593
0 0.022995 0.332285 0.04599 0.08805
0 0.195755 0.030922 0.082547 0.061844
4 0.389151 0.493711 0.127358 0.218029
3 0.755896 0.585954 0.054245 0.100629
2 0.893868 0.281971 0.183962 0.230608
2 0.789505 0.131027 0.069575 0.08805
2 0.384434 0.92348 0.099057 0.1174
2 0.071344 0.398323 0.074292 0.102725
2 0.138561 0.467505 0.067217 0.085954
2 0.144458 0.257862 0.057783 0.098532
2 0.211085 0.32914 0.058962 0.077568
2 0.214623 0.145702 0.054245 0.067086
2 0.283019 0.204403 0.058962 0.067086
2 0.329599 0.08805 0.060142 0.06499
