2 0.486439 0.843816 0.112028 0.129979
2 0.23467 0.872642 0.235849 0.254716
2 0.15625 0.3826 0.145047 0.180294
2 0.304835 0.294549 0.126179 0.180294
2 0.401533 0.226415 0.102594 0.157233
2 0.495873 0.172956 0.100236 0.155136
2 0.584316 0.119497 0.102594 0.148847
2 0.68691 0.096436 0.0625 0.069182
4 0.62441 0.494759 0.147406 0.140461
3 0.955189 0.938679 0.061321 0.122642
0 0.231722 0.126834 0.114387 0.121593
0 0.34375 0.060797 0.095519 0.115304
0 0.436321 0.028826 0.099057 0.057652
0 0.823113 0.115304 0.082547 0.144654
0 0.735259 0.185535 0.086085 0.146751
0 0.646816 0.256813 0.09316 0.163522
0 0.549528 0.312369 0.089623 0.169811
0 0.452241 0.393082 0.090802 0.192872
0 0.338443 0.465409 0.101415 0.174004
0 0.962854 0.224319 0.074292 0.194969
0 0.883255 0.10587 0.033019 0.062893
0 0.956958 0.052935 0.086084 0.10587
