0 0.052476 0.899895 0.104952 0.20021
0 0.123231 0.696017 0.112028 0.207547
0 0.181604 0.503145 0.099057 0.186583
0 0.242335 0.348008 0.097877 0.165618
0 0.285377 0.203354 0.082547 0.132075
0 0.327241 0.062893 0.069575 0.115304
0 0.92217 0.45283 0.061321 0.111111
0 0.583137 0.111111 0.10967 0.12369
0 0.488208 0.043501 0.117925 0.087002
0 0.048349 0.102725 0.096698 0.148847
0 0.112028 0.029874 0.066038 0.059748
4 0.317807 0.555556 0.10967 0.215933
3 0.674528 0.530398 0.068396 0.115304
2 0.772406 0.18239 0.139151 0.203354
2 0.668632 0.075472 0.075472 0.090147
2 0.339623 0.955451 0.113208 0.089098
2 0.067217 0.428721 0.115566 0.138365
2 0.131486 0.284067 0.104953 0.125786
2 0.208726 0.16457 0.061321 0.079665
2 0.128538 0.179245 0.066038 0.067086
2 0.174528 0.066038 0.058962 0.079665
2 0.043042 0.624738 0.069575 0.119497
