0 0.03066 0.058176 0.06132 0.116352
0 0.246462 0.099581 0.084906 0.121593
0 0.207547 0.238994 0.09434 0.132075
0 0.169222 0.390985 0.097877 0.150943
0 0.120873 0.568134 0.102594 0.178197
0 0.065448 0.772537 0.114387 0.197065
0 0.03184 0.959644 0.063679 0.080712
0 0.507075 0.089099 0.108491 0.113208
0 0.396226 0.037212 0.113208 0.074423
0 0.85967 0.373166 0.068396 0.098532
2 0.693986 0.145702 0.147406 0.184486
2 0.087854 0.114256 0.055425 0.08805
2 0.040094 0.246331 0.061321 0.104822
2 0.082547 0.354298 0.061321 0.102725
2 0.126179 0.210692 0.054245 0.100629
2 0.584316 0.053459 0.057783 0.083857
2 0.035377 0.524109 0.058962 0.098532
3 0.627948 0.484277 0.055425 0.090147
4 0.261792 0.589099 0.108491 0.274633
