3 0.607901 0.481132 0.053066 0.100629
2 0.673939 0.133124 0.14033 0.176101
2 0.050118 0.146751 0.053066 0.060797
2 0.103774 0.24109 0.051887 0.085954
2 0.137382 0.091195 0.060142 0.079665
2 0.0625 0.389937 0.073113 0.09434
2 0.024764 0.568134 0.044811 0.106918
2 0.555425 0.054507 0.058962 0.09434
0 0.82783 0.34696 0.056604 0.100629
0 0.472288 0.102725 0.102594 0.115304
0 0.360849 0.041405 0.127358 0.082809
0 0.211085 0.1174 0.080189 0.132075
0 0.178066 0.262055 0.091981 0.140461
0 0.146226 0.424528 0.089623 0.159329
0 0.097288 0.600629 0.10967 0.180294
0 0.052476 0.820755 0.104952 0.209644
4 0.236439 0.612159 0.104953 0.245283
0 0.012382 0.073375 0.024764 0.090147
0 0.248231 0.042977 0.038915 0.050314
0 0.025943 0.014151 0.051886 0.028302
