0 0.93691 0.544025 0.126179 0.192872
0 0.908608 0.380503 0.126179 0.142558
0 0.894458 0.231656 0.086085 0.121593
0 0.824882 0.055031 0.076651 0.110062
4 0.183373 0.232704 0.149764 0.090147
4 0.288325 0.102201 0.083726 0.204402
4 0.112028 0.62369 0.101415 0.70021
4 0.293632 0.319706 0.087264 0.163522
4 0.215212 0.513627 0.081368 0.165618
5 0.204009 0.353249 0.101415 0.188679
5 0.726415 0.408805 0.141509 0.194969
4 0.344929 0.616352 0.074292 0.383648
4 0.783608 0.95021 0.161557 0.09958
4 0.692217 0.79979 0.101415 0.222222
4 0.793042 0.731656 0.114387 0.266247
4 0.626769 0.552411 0.095519 0.255765
4 0.606132 0.208595 0.110849 0.410901
4 0.71816 0.227463 0.07783 0.188679
4 0.803066 0.259958 0.070755 0.12369
