4 0.132665 0.092767 0.178066 0.185534
4 0.304245 0.254717 0.080189 0.209644
4 0.202241 0.253669 0.097877 0.102725
4 0.165094 0.426625 0.106132 0.209644
5 0.270047 0.421384 0.115566 0.295597
4 0.346698 0.472746 0.070755 0.234801
4 0.306604 0.606918 0.160377 0.201258
4 0.433373 0.722222 0.126179 0.230608
4 0.587264 0.886792 0.136792 0.224319
4 0.78066 0.832285 0.080189 0.12369
4 0.550118 0.410901 0.079009 0.148847
4 0.463443 0.286164 0.096698 0.197065
4 0.891509 0.042453 0.216981 0.084906
4 0.960495 0.157233 0.069575 0.140461
