2 0.443396 0.603774 0.198113 0.362683
2 0.584906 0.12369 0.125 0.194969
2 0.725825 0.192872 0.079009 0.190776
2 0.84434 0.267296 0.080189 0.218029
2 0.956958 0.333333 0.086084 0.224319
2 0.053066 0.283019 0.106132 0.232704
2 0.126179 0.082809 0.096698 0.129979
2 0.633844 0.855346 0.074292 0.140461
4 0.900943 0.795597 0.160377 0.209644
0 0.678656 0.383648 0.102594 0.169811
0 0.794222 0.458071 0.10967 0.159329
0 0.92158 0.530398 0.119104 0.169811
0 0.959906 0.129979 0.080188 0.157233
0 0.860259 0.073899 0.081368 0.147798
0 0.75 0.03826 0.056604 0.07652
0 0.226415 0.158281 0.103774 0.159329
0 0.292453 0.046646 0.084906 0.093291
0 0.021226 0.042453 0.042452 0.084906
