4 0.895637 0.315514 0.095519 0.171908
0 0.955189 0.65304 0.089622 0.230608
0 0.858491 0.503145 0.117925 0.178197
0 0.787146 0.363732 0.107311 0.184486
0 0.698113 0.242138 0.09434 0.142558
0 0.642099 0.120545 0.086085 0.167715
0 0.558373 0.035115 0.116745 0.07023
0 0.867335 0.061321 0.114387 0.122642
0 0.940448 0.137317 0.097877 0.150943
0 0.977594 0.25891 0.044811 0.129979
2 0.860849 0.845912 0.108491 0.201258
2 0.745873 0.616352 0.097877 0.15304
2 0.692807 0.506289 0.112028 0.138365
2 0.616156 0.388889 0.102594 0.146751
2 0.549528 0.255765 0.089623 0.119497
2 0.470519 0.13522 0.068396 0.121593
2 0.400943 0.059224 0.066038 0.118448
