2 0.955189 0.430818 0.089622 0.134172
2 0.933962 0.324948 0.087264 0.106918
2 0.820755 0.178197 0.082547 0.090147
2 0.757075 0.055556 0.061321 0.075472
2 0.179835 0.455975 0.246462 0.218029
0 0.658608 0.13522 0.060142 0.104822
0 0.680425 0.053983 0.063679 0.107966
0 0.474646 0.116352 0.081368 0.125786
0 0.915094 0.049266 0.169811 0.075472
0 0.96875 0.147799 0.0625 0.121593
0 0.53184 0.02673 0.051887 0.053459
0 0.403302 0.03826 0.099057 0.07652
0 0.478774 0.030922 0.070755 0.061844
4 0.502358 0.938679 0.995283 0.122642
