5 0.292453 0.473795 0.101415 0.333333
5 0.825472 0.210692 0.150943 0.171908
4 0.300118 0.127358 0.123821 0.254716
4 0.354953 0.450734 0.09434 0.371069
4 0.208137 0.480084 0.102594 0.324948
4 0.297759 0.816562 0.147406 0.36478
4 0.495873 0.613208 0.076651 0.377358
4 0.747642 0.066038 0.301887 0.125786
4 0.700472 0.27044 0.120283 0.295597
4 0.927476 0.492662 0.123821 0.249476
4 0.801887 0.42348 0.075472 0.215933
4 0.932193 0.762055 0.119104 0.293501
0 0.959316 0.1174 0.081368 0.148847
0 0.976415 0.232704 0.04717 0.106918
