4 0.291863 0.127358 0.097877 0.254716
4 0.179835 0.294549 0.161557 0.083857
4 0.289505 0.377358 0.071934 0.157233
4 0.111439 0.663522 0.100236 0.658281
4 0.211675 0.549266 0.088443 0.199161
5 0.209316 0.399371 0.100236 0.171908
4 0.783019 0.777778 0.120283 0.274633
4 0.698113 0.866352 0.103774 0.267296
4 0.620873 0.600629 0.090802 0.251572
4 0.603184 0.244235 0.135613 0.473795
4 0.342571 0.614256 0.067217 0.316562
4 0.755896 0.31761 0.158019 0.159329
4 0.695755 0.582809 0.049528 0.111111
5 0.751179 0.458071 0.153302 0.167715
0 0.936321 0.595388 0.127358 0.190776
0 0.87441 0.800839 0.034198 0.073375
0 0.877358 0.908805 0.037736 0.046122
0 0.905071 0.426625 0.116745 0.142558
0 0.893868 0.280922 0.082547 0.119497
0 0.823113 0.095388 0.068396 0.150943
4 0.298349 0.948113 0.051887 0.103774
