4 0.348467 0.71174 0.208726 0.192872
4 0.929835 0.471698 0.135613 0.262055
4 0.802476 0.624738 0.123821 0.278826
4 0.65566 0.792453 0.141509 0.249476
4 0.518278 0.926101 0.114387 0.147798
4 0.833137 0.325996 0.079009 0.109015
4 0.073113 0.442348 0.146226 0.287212
4 0.022406 0.215933 0.044811 0.18239
4 0.214033 0.341719 0.123821 0.21174
4 0.415094 0.035115 0.162736 0.07023
4 0.342571 0.159329 0.116745 0.174004
4 0.257075 0.10587 0.099057 0.163522
5 0.097877 0.236897 0.096698 0.15304
0 0.114976 0.045597 0.0625 0.091194
0 0.048349 0.071279 0.091981 0.132075
0 0.244104 0.031447 0.03066 0.052411
