0 0.043333333333333335 0.42916666666666664 0.08666666666666667 0.09833333333333333 17
0 0.37916666666666665 0.4041666666666667 0.16166666666666665 0.135 18
0 0.8525 0.3225 0.115 0.07833333333333334 19
0 0.35333333333333333 0.25583333333333336 0.11 0.09166666666666666 20
0 0.01 0.7275 0.02 0.10166666666666667 21
0 0.6016666666666667 0.3825 0.12 0.08833333333333333 26
0 0.7233333333333334 0.3825 0.11 0.10833333333333334 27
0 0.4666666666666667 0.23166666666666666 0.06666666666666667 0.1 28
0 0.7941666666666667 0.14916666666666667 0.115 0.11166666666666666 29
2 0.8 0.051666666666666666 0.14666666666666667 0.10333333333333333 35
2 0.4033333333333333 0.13333333333333333 0.10333333333333333 0.08666666666666667 51
