0 0.17083333333333334 0.2175 0.10833333333333334 0.08833333333333333 3
0 0.5841666666666666 0.205 0.11166666666666666 0.14 5
0 0.08083333333333333 0.7766666666666666 0.16166666666666665 0.12 7
0 0.10166666666666667 0.5933333333333334 0.11666666666666667 0.16 8
0 0.8533333333333334 0.02666666666666667 0.2 0.05333333333333334 11
0 0.9875 0.21416666666666667 0.025 0.105 12
0 0.7825 0.5391666666666667 0.145 0.155 15
0 0.9983333333333333 0.7791666666666667 0.0033333333333333335 0.15833333333333333 22
0 0.7316666666666667 0.745 0.10666666666666667 0.13 23
0 0.9025 0.8391666666666666 0.08833333333333333 0.17166666666666666 24
0 0.455 0.27 0.10666666666666667 0.13 32
2 0.8608333333333333 0.12 0.10833333333333334 0.09 34
2 0.8333333333333334 0.4708333333333333 0.13666666666666666 0.105 37
0 0.9316666666666666 0.5783333333333334 0.12 0.07666666666666666 111
