0 0.019166666666666665 0.5475 0.03833333333333333 0.105 12
0 0.13916666666666666 0.55 0.08833333333333333 0.11666666666666667 13
0 0.22833333333333333 0.5375 0.07 0.135 14
0 0.095 0.9308333333333333 0.13666666666666666 0.075 16
0 0.35 0.7625 0.14 0.09833333333333333 17
0 0.7125 0.7375 0.16166666666666665 0.135 18
0 0.6866666666666666 0.5891666666666666 0.11 0.09166666666666666 20
0 0.23583333333333334 0.20583333333333334 0.10833333333333334 0.12833333333333333 25
0 0.935 0.7158333333333333 0.12 0.08833333333333333 26
0 0.8 0.565 0.06666666666666667 0.1 28
0 0.4633333333333333 0.265 0.08333333333333333 0.13333333333333333 30
0 0.7525 0.22833333333333333 0.08833333333333333 0.09 31
2 0.7366666666666667 0.4666666666666667 0.10333333333333333 0.08666666666666667 51
