2 0.03333333333333333 0.685 0.06666666666666667 0.08666666666666667 50
0 0.6616666666666666 0.18583333333333332 0.4766666666666667 0.37166666666666665 74
0 0.5458333333333333 0.8691666666666666 0.455 0.26166666666666666 75
2 0.9833333333333333 0.07916666666666666 0.03333333333333333 0.105 77
2 0.6383333333333333 0.7741666666666667 0.09333333333333334 0.10166666666666667 83
2 0.5675 0.5875 0.08833333333333333 0.08166666666666667 103
2 0.9725 0.4691666666666667 0.055 0.08166666666666667 104
2 0.9675 0.37 0.065 0.08333333333333333 105
2 0.635 0.6766666666666666 0.10666666666666667 0.07333333333333333 107
2 0.4058333333333333 0.12083333333333333 0.095 0.11166666666666666 110
2 0.5575 0.4375 0.08166666666666667 0.085 112
