2 0.03333333333333333 0.9875 0.06666666666666667 0.025 50
0 0.6616666666666666 0.41833333333333333 0.4766666666666667 0.5733333333333334 74
2 0.9658333333333333 0.19333333333333333 0.06833333333333333 0.11333333333333333 76
2 0.9833333333333333 0.4125 0.03333333333333333 0.105 77
2 0.5675 0.9208333333333333 0.08833333333333333 0.08166666666666667 103
2 0.9725 0.8025 0.055 0.08166666666666667 104
2 0.9675 0.7033333333333334 0.065 0.08333333333333333 105
2 0.635 0.9866666666666667 0.10666666666666667 0.02666666666666667 107
2 0.4058333333333333 0.45416666666666666 0.095 0.11166666666666666 110
2 0.5575 0.7708333333333334 0.08166666666666667 0.085 112
2 0.7083333333333334 0.065 0.08333333333333333 0.1 113
