0 0.043333333333333335 0.7625 0.08666666666666667 0.09833333333333333 17
0 0.37916666666666665 0.7375 0.16166666666666665 0.135 18
0 0.8525 0.6558333333333334 0.115 0.07833333333333334 19
0 0.35333333333333333 0.5891666666666666 0.11 0.09166666666666666 20
0 0.6016666666666667 0.7158333333333333 0.12 0.08833333333333333 26
0 0.7233333333333334 0.7158333333333333 0.11 0.10833333333333334 27
0 0.4666666666666667 0.565 0.06666666666666667 0.1 28
0 0.7941666666666667 0.4825 0.115 0.11166666666666666 29
0 0.13 0.265 0.08333333333333333 0.13333333333333333 30
0 0.4191666666666667 0.22833333333333333 0.08833333333333333 0.09 31
2 0.8 0.3775 0.14666666666666667 0.11833333333333333 35
2 0.4033333333333333 0.4666666666666667 0.10333333333333333 0.08666666666666667 51
