0 0.08083333333333333 0.44333333333333336 0.16166666666666665 0.12 7
0 0.10166666666666667 0.26 0.11666666666666667 0.16 8
0 0.06 0.8958333333333334 0.12 0.115 10
0 0.7825 0.20583333333333334 0.145 0.155 15
0 0.9983333333333333 0.44583333333333336 0.0033333333333333335 0.15833333333333333 22
0 0.7316666666666667 0.4116666666666667 0.10666666666666667 0.13 23
0 0.9025 0.5058333333333334 0.08833333333333333 0.17166666666666666 24
0 0.455 0.0008333333333333334 0.10666666666666667 0.0016666666666666668 32
2 0.8333333333333334 0.1375 0.13666666666666666 0.105 37
0 0.9316666666666666 0.245 0.12 0.07666666666666666 111
