0 0.17083333333333334 0.5508333333333333 0.10833333333333334 0.08833333333333333 3
0 0.5841666666666666 0.5383333333333333 0.11166666666666666 0.14 5
0 0.26 0.24333333333333335 0.08666666666666667 0.11 6
0 0.10166666666666667 0.9233333333333333 0.11666666666666667 0.15333333333333332 8
0 0.8533333333333334 0.2991666666666667 0.2 0.175 11
0 0.9875 0.5475 0.025 0.105 12
0 0.7825 0.8725 0.145 0.155 15
0 0.455 0.6033333333333334 0.10666666666666667 0.13 32
2 0.8608333333333333 0.4533333333333333 0.10833333333333334 0.09 34
2 0.8333333333333334 0.8041666666666667 0.13666666666666666 0.105 37
0 0.9316666666666666 0.9116666666666666 0.12 0.07666666666666666 111
