0 0.9475 0.5033333333333333 0.105 0.30666666666666664 72
0 0.945 0.1725 0.11 0.345 73
0 0.11666666666666667 0.18583333333333332 0.23333333333333334 0.37166666666666665 74
0 0.05333333333333334 0.8691666666666666 0.10666666666666667 0.26166666666666666 75
2 0.35083333333333333 0.07916666666666666 0.10166666666666667 0.105 77
2 0.5108333333333334 0.0675 0.10166666666666667 0.11166666666666666 78
2 0.5291666666666667 0.32083333333333336 0.105 0.095 80
2 0.5341666666666667 0.45916666666666667 0.10833333333333334 0.10833333333333334 81
2 0.5491666666666667 0.6391666666666667 0.11166666666666666 0.12833333333333333 82
2 0.009166666666666667 0.7741666666666667 0.018333333333333333 0.10166666666666667 83
2 0.8475 0.8116666666666666 0.145 0.14 84
2 0.32 0.4691666666666667 0.08333333333333333 0.08166666666666667 104
2 0.31583333333333335 0.37 0.095 0.08333333333333333 105
2 0.9816666666666667 0.8541666666666666 0.03666666666666667 0.105 106
2 0.010833333333333334 0.6766666666666666 0.021666666666666667 0.07333333333333333 107
2 0.8725 0.6958333333333333 0.10166666666666667 0.07833333333333334 114
