0 0.3283333333333333 0.019166666666666665 0.4766666666666667 0.03833333333333333 74
0 0.22 0.6625 0.44 0.515 75
2 0.8625 0.0175 0.105 0.035 80
2 0.8675 0.12583333333333332 0.10833333333333334 0.10833333333333334 81
2 0.8825 0.30583333333333335 0.11166666666666666 0.12833333333333333 82
2 0.305 0.44083333333333335 0.09333333333333334 0.10166666666666667 83
2 0.23416666666666666 0.25416666666666665 0.08833333333333333 0.08166666666666667 103
2 0.6533333333333333 0.13583333333333333 0.08333333333333333 0.08166666666666667 104
2 0.6491666666666667 0.03916666666666667 0.095 0.07833333333333334 105
2 0.3016666666666667 0.3433333333333333 0.10666666666666667 0.07333333333333333 107
2 0.22416666666666665 0.10416666666666667 0.08166666666666667 0.085 112
