2 0.07166666666666667 0.7225 0.12333333333333334 0.105 49
2 0.3333333333333333 0.685 0.13333333333333333 0.08666666666666667 50
0 0.16583333333333333 0.9333333333333333 0.33166666666666667 0.13333333333333333 53
0 0.8783333333333333 0.18583333333333332 0.24333333333333335 0.37166666666666665 74
0 0.8258333333333333 0.8691666666666666 0.34833333333333333 0.26166666666666666 75
2 0.9625 0.7741666666666667 0.075 0.10166666666666667 83
2 0.9008333333333334 0.5875 0.08833333333333333 0.08166666666666667 103
2 0.9575 0.6766666666666666 0.085 0.07333333333333333 107
2 0.7391666666666666 0.12083333333333333 0.095 0.11166666666666666 110
2 0.8908333333333334 0.4375 0.08166666666666667 0.085 112
