0 0.18666666666666668 0.2991666666666667 0.2 0.175 11
0 0.34 0.5475 0.06333333333333334 0.105 12
0 0.4725 0.55 0.08833333333333333 0.11666666666666667 13
0 0.5616666666666666 0.5375 0.07 0.135 14
0 0.11583333333333333 0.8725 0.145 0.155 15
0 0.42833333333333334 0.9308333333333333 0.13666666666666666 0.075 16
0 0.6833333333333333 0.7625 0.14 0.09833333333333333 17
0 0.9825 0.7375 0.035 0.135 18
0 0.9825 0.5891666666666666 0.035 0.09166666666666666 20
0 0.5691666666666667 0.20583333333333334 0.10833333333333334 0.12833333333333333 25
0 0.7966666666666666 0.265 0.08333333333333333 0.13333333333333333 30
2 0.19416666666666665 0.4533333333333333 0.10833333333333334 0.09 34
2 0.16666666666666666 0.8041666666666667 0.13666666666666666 0.105 37
0 0.265 0.9116666666666666 0.12 0.07666666666666666 111
