0 0.18666666666666668 0.02666666666666667 0.2 0.05333333333333334 11
0 0.34 0.21416666666666667 0.06333333333333334 0.105 12
0 0.4725 0.21666666666666667 0.08833333333333333 0.11666666666666667 13
0 0.5616666666666666 0.20416666666666666 0.07 0.135 14
0 0.11583333333333333 0.5391666666666667 0.145 0.155 15
0 0.42833333333333334 0.5975 0.13666666666666666 0.075 16
0 0.6833333333333333 0.42916666666666664 0.14 0.09833333333333333 17
0 0.9825 0.4041666666666667 0.035 0.135 18
0 0.9825 0.25583333333333336 0.035 0.09166666666666666 20
0 0.6383333333333333 0.7275 0.09666666666666666 0.10166666666666667 21
0 0.4033333333333333 0.7791666666666667 0.14666666666666667 0.15833333333333333 22
0 0.065 0.745 0.10666666666666667 0.13 23
0 0.23583333333333334 0.8391666666666666 0.08833333333333333 0.17166666666666666 24
2 0.19416666666666665 0.12 0.10833333333333334 0.09 34
2 0.16666666666666666 0.4708333333333333 0.13666666666666666 0.105 37
0 0.265 0.5783333333333334 0.12 0.07666666666666666 111
