0 0.7141666666666666 0.13 0.3383333333333333 0.26 71
0 0.6958333333333333 0.8366666666666667 0.2683333333333333 0.30666666666666664 72
0 0.6983333333333334 0.455 0.2833333333333333 0.44666666666666666 73
2 0.03 0.19333333333333333 0.06 0.11333333333333333 76
2 0.034166666666666665 0.4125 0.06833333333333333 0.105 77
2 0.1775 0.4008333333333333 0.10166666666666667 0.11166666666666666 78
2 0.13166666666666665 0.14583333333333334 0.08666666666666667 0.12833333333333333 79
2 0.19583333333333333 0.6541666666666667 0.105 0.095 80
2 0.20083333333333334 0.7925 0.10833333333333334 0.10833333333333334 81
2 0.21583333333333332 0.9541666666666667 0.11166666666666666 0.09166666666666666 82
2 0.014166666666666666 0.8025 0.028333333333333332 0.08166666666666667 104
2 0.015 0.7033333333333334 0.03 0.08333333333333333 105
2 0.5391666666666667 0.995 0.10166666666666667 0.01 114
