2 0.010833333333333334 0.63 0.021666666666666667 0.15666666666666668 44
2 0.22083333333333333 0.5866666666666667 0.12833333333333333 0.11 45
2 0.805 0.4608333333333333 0.12 0.11166666666666666 46
2 0.7741666666666667 0.815 0.12833333333333333 0.11 47
0 0.030833333333333334 0.9666666666666667 0.06166666666666667 0.06666666666666667 61
0 0.27416666666666667 0.8791666666666667 0.13166666666666665 0.165 62
0 0.41583333333333333 0.4033333333333333 0.145 0.09333333333333334 64
0 0.94 0.24083333333333334 0.12 0.09166666666666666 65
0 0.57 0.35333333333333333 0.13333333333333333 0.06666666666666667 66
0 0.6433333333333333 0.165 0.13666666666666666 0.08666666666666667 67
0 0.8383333333333334 0.625 0.13666666666666666 0.16666666666666666 68
