0 0.25083333333333335 0.5383333333333333 0.11166666666666666 0.14 5
0 0.52 0.2991666666666667 0.2 0.175 11
0 0.6733333333333333 0.5475 0.06333333333333334 0.105 12
0 0.8058333333333333 0.55 0.08833333333333333 0.11666666666666667 13
0 0.895 0.5375 0.07 0.135 14
0 0.44916666666666666 0.8725 0.145 0.155 15
0 0.7616666666666667 0.9308333333333333 0.13666666666666666 0.075 16
0 0.9733333333333334 0.7625 0.05333333333333334 0.09833333333333333 17
0 0.9025 0.20583333333333334 0.10833333333333334 0.12833333333333333 25
0 0.12166666666666667 0.6033333333333334 0.10666666666666667 0.13 32
2 0.5275 0.4533333333333333 0.10833333333333334 0.09 34
2 0.5 0.8041666666666667 0.13666666666666666 0.105 37
0 0.5983333333333334 0.9116666666666666 0.12 0.07666666666666666 111
