0 0.11583333333333333 0.20583333333333334 0.145 0.155 15
0 0.42833333333333334 0.26416666666666666 0.13666666666666666 0.075 16
0 0.6833333333333333 0.09583333333333334 0.14 0.09833333333333333 17
0 0.9825 0.07083333333333333 0.035 0.135 18
0 0.6383333333333333 0.39416666666666667 0.09666666666666666 0.10166666666666667 21
0 0.4033333333333333 0.44583333333333336 0.14666666666666667 0.15833333333333333 22
0 0.065 0.4116666666666667 0.10666666666666667 0.13 23
0 0.23583333333333334 0.5058333333333334 0.08833333333333333 0.17166666666666666 24
2 0.16666666666666666 0.1375 0.13666666666666666 0.105 37
0 0.265 0.245 0.12 0.07666666666666666 111
