2 0.010833333333333334 0.2966666666666667 0.021666666666666667 0.15666666666666668 44
2 0.22083333333333333 0.25333333333333335 0.12833333333333333 0.11 45
2 0.805 0.1275 0.12 0.11166666666666666 46
2 0.7741666666666667 0.4816666666666667 0.12833333333333333 0.11 47
0 0.030833333333333334 0.7291666666666666 0.06166666666666667 0.25833333333333336 61
0 0.27416666666666667 0.5458333333333333 0.13166666666666665 0.165 62
0 0.4775 0.825 0.17833333333333334 0.07333333333333333 63
0 0.41583333333333333 0.07 0.145 0.09333333333333334 64
0 0.57 0.02666666666666667 0.13333333333333333 0.05333333333333334 66
0 0.8383333333333334 0.2916666666666667 0.13666666666666666 0.16666666666666666 68
