0 0.06333333333333334 0.7375 0.12666666666666668 0.135 18
0 0.5191666666666667 0.6558333333333334 0.115 0.07833333333333334 19
0 0.0375 0.5891666666666666 0.075 0.09166666666666666 20
0 0.2683333333333333 0.7158333333333333 0.12 0.08833333333333333 26
0 0.39 0.7158333333333333 0.11 0.10833333333333334 27
0 0.13333333333333333 0.565 0.06666666666666667 0.1 28
0 0.4608333333333333 0.4825 0.115 0.11166666666666666 29
0 0.08583333333333333 0.22833333333333333 0.08833333333333333 0.09 31
2 0.4666666666666667 0.3775 0.14666666666666667 0.11833333333333333 35
2 0.7575 0.6816666666666666 0.155 0.09333333333333334 36
2 0.07 0.4666666666666667 0.10333333333333333 0.08666666666666667 51
