0 0.9475 0.17 0.105 0.30666666666666664 72
0 0.945 0.005833333333333334 0.11 0.011666666666666667 73
0 0.11666666666666667 0.019166666666666665 0.23333333333333334 0.03833333333333333 74
0 0.05333333333333334 0.6625 0.10666666666666667 0.515 75
2 0.5291666666666667 0.0175 0.105 0.035 80
2 0.5341666666666667 0.12583333333333332 0.10833333333333334 0.10833333333333334 81
2 0.5491666666666667 0.30583333333333335 0.11166666666666666 0.12833333333333333 82
2 0.009166666666666667 0.44083333333333335 0.018333333333333333 0.10166666666666667 83
2 0.8475 0.47833333333333333 0.145 0.14 84
2 0.32 0.13583333333333333 0.08333333333333333 0.08166666666666667 104
2 0.31583333333333335 0.03916666666666667 0.095 0.07833333333333334 105
2 0.9816666666666667 0.5208333333333334 0.03666666666666667 0.105 106
2 0.010833333333333334 0.3433333333333333 0.021666666666666667 0.07333333333333333 107
2 0.8725 0.3625 0.10166666666666667 0.07833333333333334 114
