0 0.44916666666666666 0.20583333333333334 0.145 0.155 15
0 0.7616666666666667 0.26416666666666666 0.13666666666666666 0.075 16
0 0.9733333333333334 0.09583333333333334 0.05333333333333334 0.09833333333333333 17
0 0.9616666666666667 0.39416666666666667 0.07666666666666666 0.10166666666666667 21
0 0.7366666666666667 0.44583333333333336 0.14666666666666667 0.15833333333333333 22
0 0.3983333333333333 0.4116666666666667 0.10666666666666667 0.13 23
0 0.5691666666666667 0.5058333333333334 0.08833333333333333 0.17166666666666666 24
0 0.12166666666666667 0.0008333333333333334 0.10666666666666667 0.0016666666666666668 32
2 0.5 0.1375 0.13666666666666666 0.105 37
0 0.5983333333333334 0.245 0.12 0.07666666666666666 111
