0 0.3283333333333333 0.18583333333333332 0.4766666666666667 0.37166666666666665 74
0 0.22 0.8691666666666666 0.44 0.26166666666666666 75
2 0.6841666666666667 0.07916666666666666 0.10166666666666667 0.105 77
2 0.8441666666666666 0.0675 0.10166666666666667 0.11166666666666666 78
2 0.8625 0.32083333333333336 0.105 0.095 80
2 0.8675 0.45916666666666667 0.10833333333333334 0.10833333333333334 81
2 0.8825 0.6391666666666667 0.11166666666666666 0.12833333333333333 82
2 0.305 0.7741666666666667 0.09333333333333334 0.10166666666666667 83
2 0.23416666666666666 0.5875 0.08833333333333333 0.08166666666666667 103
2 0.6533333333333333 0.4691666666666667 0.08333333333333333 0.08166666666666667 104
2 0.6491666666666667 0.37 0.095 0.08333333333333333 105
2 0.3016666666666667 0.6766666666666666 0.10666666666666667 0.07333333333333333 107
2 0.0725 0.12083333333333333 0.095 0.11166666666666666 110
2 0.22416666666666665 0.4375 0.08166666666666667 0.085 112
