0 0.3283333333333333 0.41833333333333333 0.4766666666666667 0.5733333333333334 74
2 0.6625 0.19333333333333333 0.12833333333333333 0.11333333333333333 76
2 0.6841666666666667 0.4125 0.10166666666666667 0.105 77
2 0.8441666666666666 0.4008333333333333 0.10166666666666667 0.11166666666666666 78
2 0.7983333333333333 0.14583333333333334 0.08666666666666667 0.12833333333333333 79
2 0.8625 0.6541666666666667 0.105 0.095 80
2 0.8675 0.7925 0.10833333333333334 0.10833333333333334 81
2 0.8825 0.9541666666666667 0.11166666666666666 0.09166666666666666 82
2 0.23416666666666666 0.9208333333333333 0.08833333333333333 0.08166666666666667 103
2 0.6533333333333333 0.8025 0.08333333333333333 0.08166666666666667 104
2 0.6491666666666667 0.7033333333333334 0.095 0.08333333333333333 105
2 0.3016666666666667 0.9866666666666667 0.10666666666666667 0.02666666666666667 107
2 0.0725 0.45416666666666666 0.095 0.11166666666666666 110
2 0.22416666666666665 0.7708333333333334 0.08166666666666667 0.085 112
2 0.375 0.065 0.08333333333333333 0.1 113
