0 0.6958333333333333 0.17 0.2683333333333333 0.30666666666666664 72
0 0.6983333333333334 0.005833333333333334 0.2833333333333333 0.011666666666666667 73
2 0.19583333333333333 0.0175 0.105 0.035 80
2 0.20083333333333334 0.12583333333333332 0.10833333333333334 0.10833333333333334 81
2 0.21583333333333332 0.30583333333333335 0.11166666666666666 0.12833333333333333 82
2 0.5141666666666667 0.47833333333333333 0.145 0.14 84
2 0.014166666666666666 0.13583333333333333 0.028333333333333332 0.08166666666666667 104
2 0.015 0.03916666666666667 0.03 0.07833333333333334 105
2 0.6766666666666666 0.5208333333333334 0.09333333333333334 0.105 106
2 0.5391666666666667 0.3625 0.10166666666666667 0.07833333333333334 114
