0 0.019166666666666665 0.21416666666666667 0.03833333333333333 0.105 12
0 0.13916666666666666 0.21666666666666667 0.08833333333333333 0.11666666666666667 13
0 0.22833333333333333 0.20416666666666666 0.07 0.135 14
0 0.095 0.5975 0.13666666666666666 0.075 16
0 0.35 0.42916666666666664 0.14 0.09833333333333333 17
0 0.7125 0.4041666666666667 0.16166666666666665 0.135 18
0 0.6866666666666666 0.25583333333333336 0.11 0.09166666666666666 20
0 0.305 0.7275 0.09666666666666666 0.10166666666666667 21
0 0.07166666666666667 0.7791666666666667 0.14333333333333334 0.15833333333333333 22
0 0.935 0.3825 0.12 0.08833333333333333 26
0 0.8 0.23166666666666666 0.06666666666666667 0.1 28
2 0.7366666666666667 0.13333333333333333 0.10333333333333333 0.08666666666666667 51
