0 0.25083333333333335 0.205 0.11166666666666666 0.14 5
0 0.52 0.02666666666666667 0.2 0.05333333333333334 11
0 0.6733333333333333 0.21416666666666667 0.06333333333333334 0.105 12
0 0.8058333333333333 0.21666666666666667 0.08833333333333333 0.11666666666666667 13
0 0.895 0.20416666666666666 0.07 0.135 14
0 0.44916666666666666 0.5391666666666667 0.145 0.155 15
0 0.7616666666666667 0.5975 0.13666666666666666 0.075 16
0 0.9733333333333334 0.42916666666666664 0.05333333333333334 0.09833333333333333 17
0 0.9616666666666667 0.7275 0.07666666666666666 0.10166666666666667 21
0 0.7366666666666667 0.7791666666666667 0.14666666666666667 0.15833333333333333 22
0 0.3983333333333333 0.745 0.10666666666666667 0.13 23
0 0.5691666666666667 0.8391666666666666 0.08833333333333333 0.17166666666666666 24
0 0.12166666666666667 0.27 0.10666666666666667 0.13 32
2 0.5275 0.12 0.10833333333333334 0.09 34
2 0.5 0.4708333333333333 0.13666666666666666 0.105 37
0 0.5983333333333334 0.5783333333333334 0.12 0.07666666666666666 111
