0 0.9391666666666667 0.44333333333333336 0.12166666666666667 0.3 71
0 0.945 0.7825 0.11 0.435 73
0 0.11666666666666667 0.7325 0.23333333333333334 0.535 74
2 0.32916666666666666 0.5266666666666666 0.12833333333333333 0.11333333333333333 76
2 0.35083333333333333 0.7458333333333333 0.10166666666666667 0.105 77
2 0.5108333333333334 0.7341666666666666 0.10166666666666667 0.11166666666666666 78
2 0.465 0.4791666666666667 0.08666666666666667 0.12833333333333333 79
2 0.5291666666666667 0.97 0.105 0.06 80
2 0.31583333333333335 0.9975 0.095 0.005 105
2 0.041666666666666664 0.3983333333333333 0.08333333333333333 0.1 113
