0 0.06333333333333334 0.4041666666666667 0.12666666666666668 0.135 18
0 0.5191666666666667 0.3225 0.115 0.07833333333333334 19
0 0.0375 0.25583333333333336 0.075 0.09166666666666666 20
0 0.2683333333333333 0.3825 0.12 0.08833333333333333 26
0 0.39 0.3825 0.11 0.10833333333333334 27
0 0.13333333333333333 0.23166666666666666 0.06666666666666667 0.1 28
0 0.4608333333333333 0.14916666666666667 0.115 0.11166666666666666 29
2 0.4666666666666667 0.051666666666666666 0.14666666666666667 0.10333333333333333 35
2 0.7575 0.34833333333333333 0.155 0.09333333333333334 36
2 0.07 0.13333333333333333 0.10333333333333333 0.08666666666666667 51
