0 0.6958333333333333 0.5033333333333333 0.2683333333333333 0.30666666666666664 72
0 0.6983333333333334 0.1725 0.2833333333333333 0.345 73
2 0.034166666666666665 0.07916666666666666 0.06833333333333333 0.105 77
2 0.1775 0.0675 0.10166666666666667 0.11166666666666666 78
2 0.19583333333333333 0.32083333333333336 0.105 0.095 80
2 0.20083333333333334 0.45916666666666667 0.10833333333333334 0.10833333333333334 81
2 0.21583333333333332 0.6391666666666667 0.11166666666666666 0.12833333333333333 82
2 0.5141666666666667 0.8116666666666666 0.145 0.14 84
2 0.014166666666666666 0.4691666666666667 0.028333333333333332 0.08166666666666667 104
2 0.015 0.37 0.03 0.08333333333333333 105
2 0.6766666666666666 0.8541666666666666 0.09333333333333334 0.105 106
2 0.5391666666666667 0.6958333333333333 0.10166666666666667 0.07833333333333334 114
