0 0.9391666666666667 0.13 0.12166666666666667 0.26 71
0 0.9475 0.8366666666666667 0.105 0.30666666666666664 72
0 0.945 0.455 0.11 0.44666666666666666 73
0 0.11666666666666667 0.41833333333333333 0.23333333333333334 0.5733333333333334 74
2 0.32916666666666666 0.19333333333333333 0.12833333333333333 0.11333333333333333 76
2 0.35083333333333333 0.4125 0.10166666666666667 0.105 77
2 0.5108333333333334 0.4008333333333333 0.10166666666666667 0.11166666666666666 78
2 0.465 0.14583333333333334 0.08666666666666667 0.12833333333333333 79
2 0.5291666666666667 0.6541666666666667 0.105 0.095 80
2 0.5341666666666667 0.7925 0.10833333333333334 0.10833333333333334 81
2 0.5491666666666667 0.9541666666666667 0.11166666666666666 0.09166666666666666 82
2 0.32 0.8025 0.08333333333333333 0.08166666666666667 104
2 0.31583333333333335 0.7033333333333334 0.095 0.08333333333333333 105
2 0.010833333333333334 0.9866666666666667 0.021666666666666667 0.02666666666666667 107
2 0.041666666666666664 0.065 0.08333333333333333 0.1 113
2 0.8725 0.995 0.10166666666666667 0.01 114
