     0/999     7.37G   0.07183   0.02583   0.02254    0.1202         0       640  0.001631    0.1184 0.0008892  0.000167   0.09732    0.0321   0.02209
     1/999     7.42G   0.06912   0.02261   0.02226     0.114         3       640 0.0003766   0.04646  0.000136 3.186e-05   0.09442   0.03227    0.0217
     2/999     7.42G   0.06663   0.02237   0.02115    0.1102         0       640   0.00209   0.01626 0.0004394 6.999e-05   0.09311   0.03183   0.02133
     3/999     7.42G   0.06858    0.0218   0.02087    0.1112        13       640   0.00395    0.0218 0.0005483 9.868e-05   0.09883    0.0295   0.02423
     4/999     7.42G   0.06886   0.02255   0.02032    0.1117        14       640  0.003175   0.02681 0.0002947 5.309e-05    0.1016   0.02926   0.02682
     5/999     7.42G   0.06637   0.02317   0.01973    0.1093         2       640  0.001315   0.03833 0.0002633     5e-05    0.1013   0.03063   0.02589
     6/999     7.42G    0.0671   0.02258   0.01955    0.1092         1       640 0.0008752   0.03484 0.0001644 2.896e-05   0.09797   0.06837   0.02199
     7/999     7.42G   0.06668    0.0217    0.0194    0.1078         5       640 0.0005474   0.02207  7.84e-05  1.15e-05    0.1009   0.03172   0.02382
     8/999     7.42G    0.0669   0.02186   0.01935    0.1081        10       640  0.005881   0.01742 0.0009461 0.0001588   0.09882   0.02878   0.02294
     9/999     7.42G   0.06704   0.02372   0.01889    0.1097         5       640   0.01447   0.01742  0.002034 0.0004869   0.09702   0.02966   0.02077
    10/999     7.42G   0.06688   0.02172   0.01867    0.1073         1       640   0.01205   0.02671  0.002753  0.000561   0.09382     0.031   0.02061
    11/999     7.42G   0.06796   0.02281   0.01838    0.1092        41       640    0.3556   0.01626   0.00743  0.002532   0.09742      0.03   0.01911
    12/999     7.42G    0.0673   0.02147   0.01772    0.1065        10       640    0.6719  0.002323 0.0005065 7.313e-05   0.09795   0.02959   0.01917
    13/999     7.42G   0.06572   0.02181   0.01673    0.1043         1       640    0.3502   0.03717  0.009096  0.001634   0.09315   0.02985   0.01915
    14/999     7.42G   0.06487   0.02156   0.01655     0.103         9       640    0.3493    0.1231  0.009827  0.001573   0.08863   0.03012   0.01817
    15/999     7.42G   0.06466   0.02144   0.01617    0.1023        20       640    0.7131   0.06852   0.02972  0.006037   0.08814   0.02907   0.01857
    16/999     7.42G   0.06366   0.02071   0.01629    0.1007         1       640    0.3623   0.09175   0.01834  0.004069   0.08314   0.03074   0.01667
    17/999     7.42G   0.06363   0.02179   0.01536    0.1008         3       640     0.395   0.08479   0.03659  0.008235   0.08558    0.0304     0.018
    18/999     7.42G   0.06362     0.021   0.01531   0.09994         1       640    0.3575   0.06388   0.01603  0.003423   0.08261   0.03242   0.01681
    19/999     7.42G   0.06313   0.02017   0.01507   0.09837         0       640    0.3562    0.2571   0.01573  0.003144   0.08741   0.04409   0.02145
    20/999     7.42G   0.06181   0.02166    0.0143   0.09777        36       640   0.02656   0.06166   0.01128  0.002029   0.09116   0.02965   0.02674
    21/999     7.42G   0.06234    0.0193   0.01384   0.09549         1       640    0.4099    0.2412   0.05005   0.01087   0.08857   0.02959   0.01743
    22/999     7.42G   0.06215   0.01972   0.01391   0.09578         4       640     0.352    0.1045   0.01237  0.002259   0.08671   0.03257   0.01847
    23/999     7.42G   0.06202   0.02231   0.01338   0.09771        14       640    0.4348    0.2156   0.06793   0.01588   0.08678   0.02982   0.01453
    24/999     7.42G   0.06095   0.02033   0.01228   0.09356         6       640    0.3959    0.1303    0.0399  0.009903   0.08711   0.03069   0.01745
    25/999     7.42G   0.06116   0.02057   0.01229   0.09402         1       640    0.7049   0.06969   0.02429  0.004657   0.09036    0.0295   0.01944
    26/999     7.42G   0.06118   0.01881   0.01144   0.09143        14       640    0.7423   0.07433   0.06048   0.01056   0.08845   0.02943   0.01338
    27/999     7.42G   0.06034   0.02071   0.01125    0.0923        44       640    0.4584    0.1007   0.06736   0.01904    0.0859     0.036   0.01547
    28/999     7.42G   0.06043   0.01849   0.01072   0.08965         4       640    0.7731   0.08014   0.07073   0.02104   0.08118   0.03431   0.01367
    29/999     7.42G   0.06052   0.02013   0.01009   0.09074         3       640    0.4051    0.1244   0.07391   0.01315   0.08874   0.03015   0.01388
    30/999     7.42G   0.05897   0.02148  0.009064   0.08952        51       640    0.4762    0.2464    0.1371   0.03096   0.08132   0.03013  0.009933
    31/999     7.42G   0.05888     0.019  0.009038   0.08693         4       640    0.1495    0.3837    0.1306   0.02505   0.08298   0.03177   0.01257
    32/999     7.42G   0.05815   0.02122  0.008844   0.08821         4       640    0.1666    0.4123    0.1587   0.03719   0.08458   0.03174   0.01233
    33/999     7.42G   0.05841   0.01966  0.009373   0.08744         6       640    0.1507    0.3729    0.1597   0.03125    0.0838   0.02979   0.01131
    34/999     7.42G    0.0579   0.02004  0.008527   0.08647         4       640   0.05977    0.1693   0.02985  0.007319    0.1006   0.02879   0.03704
    35/999     7.42G   0.05754   0.02047  0.008239   0.08625         8       640    0.4346    0.1129   0.04789   0.00956    0.0939    0.0324   0.02805
    36/999     7.42G   0.05805   0.02028  0.008565   0.08689         3       640     0.138    0.2865   0.07941   0.01797    0.0843   0.03175   0.01324
    37/999     7.42G     0.057   0.01906  0.008266   0.08433         7       640    0.1487     0.409    0.1367   0.03381   0.07808   0.03307   0.01043
    38/999     7.42G   0.05604   0.01972  0.008105   0.08386         1       640    0.7091    0.2329    0.2494   0.08058    0.0798   0.03042   0.01334
    39/999     7.42G   0.05802   0.01985  0.007431    0.0853         9       640    0.2589    0.3475    0.1838   0.03906   0.08378   0.03057  0.009463
    40/999     7.42G   0.05686    0.0196  0.007325   0.08379         8       640    0.0891    0.4178   0.08301   0.01693   0.08605   0.03046   0.01514
    41/999     7.42G     0.056   0.01976  0.007236   0.08299         5       640    0.3355    0.3441    0.2315   0.06636   0.07949   0.03028  0.007769
    42/999     7.42G   0.05539   0.01936  0.007056   0.08181         2       640    0.2536    0.4034    0.2643   0.07029   0.07677    0.0313   0.00761
    43/999     7.42G   0.05565   0.01884  0.006865   0.08136        10       640    0.3019    0.4035     0.245   0.06863    0.0757   0.03039    0.0076
    44/999     7.42G    0.0563   0.02011  0.006904   0.08331         2       640    0.3111    0.4684    0.3133   0.08584   0.07606   0.02941  0.007562
    45/999     7.42G   0.05602    0.0195  0.007028   0.08254         6       640    0.5477    0.2745    0.2685    0.0804   0.07683    0.0311   0.01231
    46/999     7.42G   0.05513   0.02008  0.006813   0.08203         4       640    0.2514    0.4033    0.1869    0.0397   0.07895   0.03003  0.007059
    47/999     7.42G   0.05503   0.02017  0.006758   0.08196         5       640    0.2472    0.3571    0.2024   0.06227   0.08046   0.03101  0.008283
    48/999     7.42G   0.05627   0.01936  0.007316   0.08294         5       640    0.3537    0.3116    0.2728   0.07648   0.07807   0.03239  0.009491
    49/999     7.42G   0.05553   0.02038  0.006241   0.08215        17       640    0.3889    0.3632    0.2856   0.06807   0.07627   0.03085  0.007886
    50/999     7.42G   0.05326   0.01987  0.006402   0.07954         1       640    0.2269    0.4283    0.2784   0.07563   0.07784   0.03121   0.00836
    51/999     7.42G   0.05481   0.01868  0.006005   0.07949         7       640    0.2435    0.3659    0.2016   0.05382   0.08115   0.03029  0.007773
    52/999     7.42G   0.05429   0.01882  0.006588   0.07969         2       640    0.3953    0.3792    0.2931   0.08862   0.07542   0.03032  0.007434
    53/999     7.42G   0.05373   0.01966  0.006395   0.07979         2       640     0.356    0.4546    0.3429   0.09674   0.07328   0.03133  0.005763
    54/999     7.42G   0.05342    0.0201  0.005752   0.07927        17       640    0.3631    0.4552    0.2757   0.07822   0.07156   0.03306  0.007459
    55/999     7.42G    0.0536   0.01921  0.006048   0.07886         7       640    0.3325    0.4025    0.2858   0.09047   0.07228   0.03287  0.007436
    56/999     7.42G   0.05318    0.0213    0.0059   0.08038        34       640    0.3841    0.5079    0.3585   0.09623   0.07446   0.03028  0.006279
    57/999     7.42G   0.05251   0.01984  0.005703   0.07805         3       640    0.4092    0.3637    0.3098   0.09028   0.07449   0.03266  0.006659
    58/999     7.42G   0.05261   0.02023  0.005586   0.07842        36       640     0.348    0.3904    0.2974   0.08767   0.07555   0.03088  0.007194
    59/999     7.42G   0.05321   0.01878  0.005567   0.07755         9       640    0.4048    0.4665    0.3824    0.1139   0.07081    0.0308  0.005938
    60/999     7.42G   0.05263   0.01839  0.005326   0.07634        11       640    0.4154    0.4453    0.3537    0.1006   0.07084   0.03038    0.0059
    61/999     7.42G   0.05341   0.02004  0.005784   0.07923        16       640     0.446    0.4386    0.4003    0.1326   0.06868   0.03306   0.00591
    62/999     7.42G   0.05297   0.01928   0.00506   0.07731        11       640    0.3601    0.4464     0.356    0.1134   0.07041   0.03119  0.005928
    63/999     7.42G   0.05236   0.01936   0.00508    0.0768         6       640    0.3888     0.498    0.3669    0.1204    0.0712   0.03091  0.005776
    64/999     7.42G   0.05221   0.01871  0.005224   0.07615         1       640    0.4104    0.4024    0.3444   0.09993   0.07287   0.03233  0.006416
    65/999     7.42G   0.05209   0.01963  0.005316   0.07704         6       640    0.3258    0.4702    0.3719    0.1203   0.07129   0.03254  0.006679
    66/999     7.42G   0.05228   0.02028  0.005697   0.07826        41       640    0.3996    0.4998    0.3895    0.1204    0.0698   0.03156  0.005645
    67/999     7.42G   0.05314   0.02029  0.005619   0.07905        29       640    0.1592    0.5152    0.1057   0.02667   0.07285    0.9095   0.01567
    68/999     7.42G   0.05188   0.01934  0.005562   0.07678         3       640    0.1336    0.4733    0.1058   0.02741   0.07272    0.1768   0.02009
    69/999     7.42G   0.05189   0.01939  0.005239   0.07652         3       640    0.2709    0.5288    0.2806    0.0956   0.06953   0.03362  0.007839
    70/999     7.42G    0.0516   0.01984  0.005183   0.07662        13       640    0.4592    0.5021    0.4064    0.1534   0.06734   0.03142  0.005168
    71/999     7.42G    0.0504   0.01904  0.005055    0.0745         1       640    0.3581    0.5166    0.3432    0.1099    0.0719   0.03359  0.006047
    72/999     7.42G   0.05208   0.02015  0.005068    0.0773         7       640    0.4294    0.4866    0.4169    0.1316   0.06905   0.03201   0.00565
    73/999     7.42G   0.05145   0.01948  0.005164   0.07609         3       640    0.4973    0.4978    0.4071    0.1364    0.0683   0.03185  0.005632
    74/999     7.42G   0.05161   0.01926  0.005043   0.07592        25       640    0.4549    0.4952    0.4234    0.1275   0.06967   0.03047  0.005955
    75/999     7.42G   0.05008   0.01912  0.004836   0.07404         5       640     0.391    0.6082     0.471    0.1614   0.06855   0.03072  0.005824
    76/999     7.42G   0.04943   0.01753  0.004488   0.07145         1       640    0.5034    0.4982    0.4558     0.134   0.07066   0.03077  0.006267
    77/999     7.42G   0.05141   0.01969   0.00498   0.07608        51       640    0.3974    0.5787     0.457    0.1383   0.06995   0.03072  0.005909
    78/999     7.42G   0.05074   0.01903  0.004542    0.0743         1       640    0.5136    0.2245     0.209    0.0641    0.0733   0.05102   0.01072
    79/999     7.42G   0.05095    0.0188  0.004987   0.07473         3       640    0.3724    0.4958      0.38    0.1271    0.0699   0.03118  0.006295
    80/999     7.42G     0.051   0.01775  0.004516   0.07327         6       640     0.449    0.5799    0.4977    0.1721   0.06526   0.03212  0.005803
    81/999     7.42G   0.05075   0.01813  0.004575   0.07345         4       640    0.4289    0.4993    0.4377    0.1503   0.06608   0.03163  0.006548
    82/999     7.42G    0.0511   0.01922  0.004795   0.07512        11       640    0.4055    0.5648    0.4735    0.1678    0.0669   0.03112  0.005926
    83/999     7.42G   0.05074   0.01879  0.005269    0.0748         3       640    0.3267     0.556    0.4152    0.1434   0.06954   0.03092  0.006406
    84/999     7.42G   0.04927   0.01932  0.004947   0.07354         4       640      0.45    0.5155    0.4171    0.1192   0.07072   0.03122  0.006552
    85/999     7.42G   0.05026   0.01807  0.004569    0.0729        15       640    0.4202    0.5373    0.4221    0.1527   0.06988   0.03076  0.005837
    86/999     7.42G   0.05006   0.01878  0.004415   0.07326        16       640    0.4507    0.4478       0.4    0.1515   0.06825   0.03084  0.005982
    87/999     7.42G   0.05027   0.01834  0.004663   0.07328         6       640    0.4543    0.6451    0.5357    0.1725   0.06746   0.03038  0.005656
    88/999     7.42G    0.0502   0.01998  0.005394   0.07558        21       640    0.4223    0.5492    0.4536    0.1581   0.06752    0.0339  0.006216
    89/999     7.42G   0.04898   0.01854  0.004197   0.07171         2       640    0.4388    0.5781    0.5407     0.206   0.06639   0.03025  0.005745
    90/999     7.42G   0.04982   0.01969  0.004586   0.07409         3       640    0.4442     0.547    0.5335    0.2124   0.06678   0.03114   0.00524
    91/999     7.42G   0.04876   0.01877  0.004341   0.07188         7       640    0.5209    0.5436    0.5142    0.1796   0.06705   0.03167  0.005227
    92/999     7.42G   0.04886   0.01912  0.004223    0.0722        10       640    0.3867    0.5148    0.4509    0.1613   0.06911   0.03135  0.006575
    93/999     7.42G   0.04852   0.01857   0.00429   0.07138         3       640    0.4191    0.5876    0.5352    0.1914   0.06568   0.03075  0.005449
    94/999     7.42G   0.04876   0.01855   0.00406   0.07137         9       640    0.5399    0.5661    0.5383    0.2054   0.06608   0.03034  0.005865
    95/999     7.42G   0.04759   0.01912   0.00409    0.0708        15       640    0.5485    0.5827    0.5394    0.1986   0.06535    0.0306  0.005877
    96/999     7.42G   0.04872   0.01799  0.004087   0.07079         2       640     0.513    0.4998    0.4589    0.1729   0.06614   0.03362  0.005209
    97/999     7.42G   0.04808   0.01887  0.003655    0.0706        17       640     0.458    0.5674    0.4272    0.1529   0.06981   0.03083  0.006418
    98/999     7.42G   0.04878   0.01823  0.003966   0.07097         4       640    0.4777    0.6297    0.5585    0.1892   0.06758   0.02949  0.005219
    99/999     7.42G   0.04971   0.01889  0.004218   0.07282         1       640      0.53    0.5776    0.5233    0.1932   0.06846   0.02953   0.00528
   100/999     7.42G   0.04849   0.01936  0.004568   0.07242         1       640    0.4361    0.6739    0.5542    0.2203   0.06548   0.02997  0.005449
   101/999     7.42G   0.04901   0.01675  0.004735    0.0705         1       640    0.4719    0.6234    0.5556    0.2142   0.06581   0.03037  0.005556
   102/999     7.42G   0.04786   0.01859  0.003806   0.07025         4       640    0.5072    0.5496    0.4878    0.1811   0.06719   0.03077  0.005872
   103/999     7.42G   0.04841   0.01878  0.004143   0.07133        25       640    0.6046    0.5405     0.533    0.2126   0.06528   0.03026  0.005599
   104/999     7.42G   0.04846   0.01866  0.004186   0.07131        14       640    0.5205    0.5603    0.5124    0.2086   0.06405   0.03329  0.005215
   105/999     7.42G   0.04752   0.01818  0.003913   0.06962         0       640    0.4425    0.6639    0.5861    0.2606   0.06299   0.03054  0.004838
   106/999     7.42G   0.04758   0.01919   0.00419   0.07096        10       640    0.4499    0.6197      0.53    0.2166   0.06527    0.0305  0.005279
   107/999     7.42G   0.04778   0.01899  0.004051   0.07082         0       640    0.5797    0.5898    0.5817    0.2458   0.06459   0.02988  0.005324
   108/999     7.42G   0.04698   0.01827  0.003887   0.06914         2       640    0.6854    0.5635    0.6048    0.2386   0.06448   0.03017  0.005972
   109/999     7.42G   0.04763    0.0187  0.003812   0.07015         3       640    0.6419    0.6031    0.6042    0.2406   0.06476   0.03023  0.005135
   110/999     7.42G   0.04851   0.01814   0.00386   0.07051         5       640    0.6256    0.6687    0.6399    0.2533   0.06282   0.03052  0.004904
   111/999     7.42G   0.04762   0.01773   0.00359   0.06895        15       640    0.7245     0.621    0.6666    0.2669    0.0626   0.02964  0.004943
   112/999     7.42G   0.04804   0.01778  0.003954   0.06977         3       640    0.6166     0.632    0.6186    0.2446   0.06357   0.03113  0.005154
   113/999     7.42G   0.04742   0.01817  0.003864   0.06946         6       640    0.5561    0.6215    0.6203     0.272   0.06251   0.02854  0.005017
   114/999     7.42G   0.04639   0.01879  0.003349   0.06853         8       640    0.5339    0.6672    0.6042    0.2573   0.06279   0.02919  0.005581
   115/999     7.42G   0.04651   0.01846  0.003595   0.06856        30       640     0.523    0.6266    0.5584    0.2457   0.06302   0.02979  0.005441
   116/999     7.42G   0.04686   0.01773  0.003666   0.06826        12       640    0.5428    0.6242     0.602     0.244    0.0641    0.0314  0.005985
   117/999     7.42G   0.04756   0.01811  0.003684   0.06935         1       640    0.4795    0.6583    0.5643    0.2217   0.06355   0.03091  0.005487
   118/999     7.42G   0.04658   0.01743  0.004044   0.06805         2       640    0.5928    0.5632    0.5822     0.216   0.06664    0.0314  0.006641
   119/999     7.42G   0.04658   0.01792  0.003652   0.06816        24       640    0.6483    0.6382    0.6445    0.2901   0.06091   0.02924  0.005095
   120/999     7.42G   0.04584   0.01743  0.003259   0.06653         1       640    0.5623    0.6874     0.664    0.3009   0.06196   0.02971  0.005336
   121/999     7.42G   0.04585   0.01793  0.003845   0.06762         2       640    0.7704      0.58    0.6537    0.3122   0.06186   0.02946  0.005088
   122/999     7.42G   0.04632   0.01864  0.003754   0.06871         7       640    0.7488    0.6158    0.6452     0.283   0.06291   0.02904  0.005001
   123/999     7.42G   0.04572   0.01718  0.003896    0.0668         9       640    0.6254    0.5938    0.6097    0.2743   0.06376   0.03031  0.004941
   124/999     7.42G   0.04616   0.01786  0.003902   0.06793         4       640    0.6495    0.6835     0.694    0.3184   0.06118   0.03044  0.004855
   125/999     7.42G   0.04649   0.01721  0.003658   0.06736         2       640    0.6755    0.5661    0.6003    0.2765   0.06464   0.02971  0.005099
   126/999     7.42G     0.045   0.01763  0.003032   0.06566         3       640      0.68    0.6393    0.6666    0.2999   0.06256   0.03049  0.005222
   127/999     7.42G   0.04625    0.0175  0.003236   0.06699         6       640    0.7658    0.6497    0.7094    0.3199   0.06059   0.02964  0.005262
   128/999     7.42G   0.04621    0.0182  0.003814   0.06822         3       640    0.6694    0.6244    0.6579    0.2821   0.06182      0.03  0.006509
   129/999     7.42G   0.04484   0.01855   0.00361     0.067        10       640    0.5688    0.7148      0.65     0.284   0.06138   0.02979  0.005056
   130/999     7.42G   0.04566   0.01708  0.003671   0.06641        21       640    0.7127    0.7341    0.7389    0.3367   0.05922    0.0296   0.00477
   131/999     7.42G   0.04537   0.01716  0.003382   0.06591         6       640    0.6988    0.6948    0.6871    0.3155   0.06051   0.02964  0.004877
   132/999     7.42G   0.04542   0.01722  0.003738   0.06638         7       640    0.6762    0.6261    0.6261    0.2657   0.06358    0.0304   0.00632
   133/999     7.42G   0.04493   0.01899  0.003675   0.06759         6       640    0.6093     0.633    0.6173    0.2552   0.06445   0.03002  0.008656
   134/999     7.42G   0.04501   0.01738  0.003859   0.06625         1       640    0.6584    0.6282    0.6214    0.2867    0.0611    0.0295  0.005555
   135/999     7.42G   0.04511   0.01745  0.003735    0.0663         8       640    0.7274    0.6715    0.7029    0.3243   0.06047   0.02952  0.005006
   136/999     7.42G    0.0455   0.01755  0.003493   0.06654         2       640    0.5861    0.7013    0.6476    0.2698   0.06348   0.02951  0.006017
   137/999     7.42G   0.04692   0.01797  0.003691   0.06858         4       640     0.846    0.6341    0.7223    0.3347   0.05957   0.03045  0.005784
   138/999     7.42G   0.04576   0.01694  0.003893   0.06659         3       640    0.6331     0.687     0.684    0.3203   0.05988   0.03076  0.005101
   139/999     7.42G   0.04534   0.01781  0.003346    0.0665        15       640    0.7109     0.667    0.7016     0.322   0.06025   0.03052    0.0049
   140/999     7.42G   0.04608   0.01675  0.003775   0.06661        20       640    0.6312    0.6342    0.6377     0.312   0.05963   0.03002  0.004932
   141/999     7.42G   0.04363   0.01688  0.003143   0.06366         0       640     0.709    0.6875    0.6837    0.3165    0.0597   0.02989  0.005137
   142/999     7.42G   0.04444   0.01602   0.00317   0.06362         3       640     0.657    0.6608    0.6741    0.2992   0.06096   0.02998   0.00505
   143/999     7.42G   0.04519   0.01721  0.003938   0.06634         5       640    0.7171    0.7264    0.7244    0.3259    0.0604   0.03023  0.005592
   144/999     7.42G   0.04481   0.01767  0.003293   0.06577        17       640    0.7005    0.6866    0.7223     0.351   0.05991   0.03082  0.005336
   145/999     7.42G   0.04444   0.01732  0.003249   0.06501         6       640    0.7823    0.5975    0.6967    0.3304   0.06141   0.03101  0.006397
   146/999     7.42G   0.04435   0.01767  0.003699   0.06572         1       640    0.7614    0.6424    0.7001     0.313   0.05907   0.03076  0.004874
   147/999     7.42G   0.04416   0.01649  0.003264   0.06391         2       640    0.8151    0.6637    0.7276    0.3505    0.0585   0.02964  0.004962
   148/999     7.42G   0.04591   0.01753  0.003557     0.067         5       640    0.7858      0.62    0.6573     0.318   0.06132   0.02959  0.004916
   149/999     7.42G   0.04482   0.01737  0.003637   0.06582         5       640    0.6928    0.6345    0.6666    0.3215   0.05927    0.0291  0.004859
   150/999     7.42G   0.04385   0.01696  0.003333   0.06414         7       640     0.755    0.7003    0.7372    0.3554   0.05852   0.02986  0.004911
   151/999     7.42G   0.04362   0.01658  0.003011   0.06321        25       640    0.7692    0.6794    0.7279    0.3576   0.05891   0.02975  0.005406
   152/999     7.42G   0.04468   0.01838  0.003096   0.06616         4       640    0.6683    0.6705    0.6466    0.3037   0.06183   0.03154  0.006268
   153/999     7.42G   0.04435   0.01665  0.003304    0.0643         0       640    0.7376    0.6437    0.6627    0.3055   0.06212   0.03033  0.005518
   154/999     7.42G   0.04362   0.01741  0.003108   0.06414         4       640     0.822    0.6428      0.72    0.3346   0.05968   0.03077  0.005294
   155/999     7.42G   0.04363   0.01766  0.003326   0.06461         1       640    0.8814    0.6339    0.7421    0.3728   0.05746   0.03033  0.004882
   156/999     7.42G   0.04341    0.0169  0.003173   0.06348         0       640    0.8477    0.6888    0.7621    0.3753   0.05764   0.02942  0.005074
   157/999     7.42G   0.04262   0.01841  0.003431   0.06447         3       640    0.8339    0.6847    0.7379    0.3729   0.05645   0.03003   0.00514
   158/999     7.42G   0.04395   0.01746  0.003254   0.06467         5       640    0.7314    0.6757    0.6773    0.2951   0.06193   0.03152  0.005335
   159/999     7.42G   0.04248   0.01641  0.002676   0.06156         0       640    0.7826    0.6964    0.7311    0.3443   0.05747   0.02997  0.005673
   160/999     7.42G   0.04278   0.01576  0.003105   0.06165         0       640     0.847    0.7015    0.7746     0.375   0.05684   0.03034  0.004664
   161/999     7.42G   0.04377   0.01596  0.003429   0.06317         3       640    0.7198    0.6841     0.732    0.3589   0.05779   0.03064  0.004611
   162/999     7.42G   0.04214   0.01715  0.003009    0.0623         8       640    0.8203    0.7159    0.7688    0.3945   0.05662   0.03053  0.004568
   163/999     7.42G   0.04282   0.01705  0.003207   0.06307         1       640     0.816    0.7228    0.7771    0.3999   0.05709      0.03  0.005191
   164/999     7.42G   0.04227   0.01729  0.002856   0.06242         1       640    0.8481    0.7543    0.7866    0.3881   0.05534   0.03047  0.005192
   165/999     7.42G   0.04337   0.01709  0.003407   0.06387        15       640    0.8335      0.71    0.7845    0.4099   0.05555   0.03026  0.004968
   166/999     7.42G   0.04236   0.01762  0.003105   0.06308        19       640    0.6601    0.6818    0.6658    0.3232    0.0586   0.03037  0.005269
   167/999     7.42G   0.04394   0.01571   0.00306    0.0627        24       640    0.7889    0.7184     0.762    0.4111   0.05414   0.03108  0.004753
   168/999     7.42G   0.04325   0.01645  0.002938   0.06264         7       640    0.7521    0.6745    0.7041    0.3768   0.05685    0.0303  0.004827
   169/999     7.42G   0.04311   0.01564  0.002998   0.06175         3       640    0.8344    0.6648    0.7338    0.3778   0.05783   0.03009  0.005127
   170/999     7.42G   0.04174   0.01655  0.003108   0.06139         0       640    0.8222    0.7361    0.7792    0.3918   0.05717   0.03029  0.005193
   171/999     7.42G   0.04225   0.01602  0.003149   0.06142        12       640    0.8294    0.7114    0.7742    0.4241   0.05526   0.02977  0.004879
   172/999     7.42G   0.04191   0.01647   0.00279   0.06117         2       640    0.8551    0.6644    0.7566    0.3885   0.05665   0.03035  0.004703
   173/999     7.42G   0.04262   0.01668   0.00325   0.06255         3       640    0.8358     0.718    0.8053    0.4338   0.05708   0.02951  0.004847
   174/999     7.42G    0.0411   0.01625  0.003007   0.06036         6       640    0.8321    0.6843    0.7748    0.3974   0.05834   0.02952  0.005597
   175/999     7.42G   0.04241   0.01687  0.002986   0.06226        13       640    0.7916    0.6663    0.7548    0.3895   0.05813   0.02993  0.005293
   176/999     7.42G   0.04139    0.0166   0.00313   0.06112         1       640    0.8205    0.6383     0.722    0.3769    0.0576   0.02969  0.005306
   177/999     7.42G   0.04182   0.01675  0.003145   0.06171        11       640    0.8097    0.6468    0.7358    0.3996    0.0566   0.02938  0.005229
   178/999     7.42G   0.04252   0.01514  0.003346   0.06101         9       640    0.7294    0.7445    0.7405    0.3728   0.05738   0.03043   0.00535
   179/999     7.42G   0.04243   0.01589  0.003267   0.06159         6       640    0.6647    0.6796    0.6856    0.3671   0.05611   0.03024  0.004771
   180/999     7.42G   0.04366   0.01692  0.003392   0.06397         6       640    0.8003    0.6265    0.7349     0.389   0.05608   0.03027  0.004515
   181/999     7.42G   0.04276   0.01687  0.003221   0.06285         4       640    0.7645    0.7147    0.7685    0.4153   0.05615   0.02908  0.004846
   182/999     7.42G   0.04165   0.01638  0.002973   0.06101        14       640    0.7867    0.7536    0.7946    0.4306   0.05535   0.02879  0.004624
   183/999     7.42G   0.04339   0.01634  0.002699   0.06243         9       640    0.7194    0.7035    0.6876    0.3701   0.05678    0.0298  0.004794
   184/999     7.42G   0.04056   0.01703  0.002806   0.06039         1       640    0.7286    0.7195    0.7344    0.3675   0.05885   0.02985  0.005067
   185/999     7.42G   0.04104   0.01675  0.002932   0.06072         0       640    0.8662    0.6184     0.718    0.3317   0.06219   0.02995   0.00541
   186/999     7.42G   0.04099   0.01618  0.002483   0.05966         4       640    0.8689      0.71     0.789    0.3928   0.05835   0.02972  0.004948
   187/999     7.42G   0.04132   0.01636  0.003154   0.06084         4       640    0.9291    0.6727     0.791    0.4151    0.0568   0.03024  0.005393
   188/999     7.42G   0.04093   0.01602  0.002883   0.05983         0       640    0.8507    0.6899    0.7832    0.3953   0.05599   0.02963  0.004859
   189/999     7.42G   0.04049     0.017  0.002996   0.06048         2       640    0.8635    0.7423    0.8187    0.4608   0.05408   0.02934    0.0049
   190/999     7.42G   0.04124   0.01665  0.002844   0.06073         3       640    0.8957    0.7417    0.8211      0.44    0.0549   0.03084  0.004688
   191/999     7.42G   0.04065   0.01605  0.002718   0.05942        19       640     0.846    0.7151    0.7922    0.4295   0.05353   0.03042  0.004883
   192/999     7.42G   0.04195   0.01798  0.003188   0.06311        15       640    0.8212    0.7045    0.7307    0.4026    0.0541   0.03043  0.004776
   193/999     7.42G   0.04187   0.01559  0.003177   0.06064         1       640    0.8593    0.6776    0.7712    0.4114   0.05558   0.03011  0.005511
   194/999     7.42G   0.04077   0.01664  0.002618   0.06003        10       640    0.8971    0.6728    0.7819    0.4205    0.0554   0.03053  0.005025
   195/999     7.42G   0.04119   0.01641  0.002881   0.06047         4       640    0.8124    0.7725    0.8045    0.4493   0.05401    0.0298  0.004623
   196/999     7.42G   0.04184   0.01613  0.003004   0.06097         4       640    0.8308    0.7118     0.783    0.4231   0.05681   0.02978  0.004884
   197/999     7.42G   0.04099    0.0157  0.003073   0.05977         8       640    0.8549    0.7372    0.7902     0.413   0.05693   0.03032  0.004731
   198/999     7.42G   0.04089   0.01671  0.002942   0.06054        23       640    0.8953     0.742    0.8225    0.4563   0.05356   0.02964  0.004597
   199/999     7.42G   0.04028   0.01609  0.002954   0.05933         0       640     0.879    0.7222    0.8168    0.4545    0.0544   0.02976  0.004605
   200/999     7.42G   0.04042   0.01645  0.002754   0.05962        14       640    0.8511    0.7967    0.8319    0.4772   0.05407   0.03011  0.004911
   201/999     7.42G   0.04185   0.01633  0.002548   0.06073        10       640    0.8815    0.7581    0.8427    0.4746   0.05381   0.02961  0.004723
   202/999     7.42G   0.04086   0.01699  0.003189   0.06104        17       640    0.8891    0.7736    0.8403     0.491   0.05296   0.03028  0.004594
