0 0.173333 0.05 0.063333 0.1
0 0.305833 0.054167 0.088333 0.108333
0 0.395 0.0525 0.07 0.105
0 0.010833 0.3725 0.021667 0.155
0 0.261667 0.430833 0.136667 0.075
0 0.516667 0.2625 0.14 0.098333
0 0.879167 0.2375 0.161667 0.135
0 0.853333 0.089167 0.11 0.091667
0 0.471667 0.560833 0.096667 0.101667
0 0.236667 0.6125 0.146667 0.158333
0 0.069167 0.6725 0.088333 0.171667
0 0.966667 0.065 0.066667 0.1
2 0.034167 0.304167 0.068333 0.105
2 0.903333 0.005 0.103333 0.01
0 0.098333 0.411667 0.12 0.076667
