0 0.06 0.299167 0.12 0.175
0 0.173333 0.5475 0.063333 0.105
0 0.305833 0.55 0.088333 0.116667
0 0.395 0.5375 0.07 0.135
0 0.010833 0.8725 0.021667 0.155
0 0.261667 0.930833 0.136667 0.075
0 0.516667 0.7625 0.14 0.098333
0 0.879167 0.7375 0.161667 0.135
0 0.853333 0.589167 0.11 0.091667
0 0.4025 0.205833 0.108333 0.128333
0 0.966667 0.565 0.066667 0.1
0 0.63 0.265 0.083333 0.133333
0 0.919167 0.228333 0.088333 0.09
2 0.040833 0.453333 0.081667 0.09
2 0.034167 0.804167 0.068333 0.105
2 0.903333 0.466667 0.103333 0.086667
0 0.098333 0.911667 0.12 0.076667
