0 0.129286 0.461429 0.095714 0.12
0 0.36 0.256429 0.171429 0.15
0 0.491429 0.469286 0.054286 0.09
0 0.605 0.471429 0.075714 0.1
0 0.681429 0.460714 0.06 0.115714
0 0.299286 0.747857 0.124286 0.132857
0 0.567143 0.797857 0.117143 0.064286
0 0.785714 0.653571 0.12 0.084286
0 0.747143 0.909286 0.082857 0.087143
0 0.545714 0.942857 0.125714 0.114286
0 0.255714 0.924286 0.091429 0.111429
0 0.402143 0.965714 0.075714 0.068571
0 0.687857 0.176429 0.092857 0.11
0 0.882857 0.227143 0.071429 0.114286
0 0.032143 0.517143 0.064286 0.111429
2 0.366429 0.388571 0.092857 0.077143
2 0.342857 0.689286 0.117143 0.09
0 0.427143 0.781429 0.102857 0.065714
