0 0.010714 0.072143 0.021429 0.075714
0 0.329286 0.061429 0.095714 0.12
0 0.691429 0.069286 0.054286 0.09
0 0.805 0.071429 0.075714 0.1
0 0.881429 0.060714 0.06 0.115714
0 0.499286 0.347857 0.124286 0.132857
0 0.767143 0.397857 0.117143 0.064286
0 0.962857 0.253571 0.074286 0.084286
0 0.947143 0.509286 0.082857 0.087143
0 0.745714 0.553571 0.125714 0.135714
0 0.455714 0.524286 0.091429 0.111429
0 0.602143 0.605 0.075714 0.147143
0 0.218571 0.117143 0.091429 0.111429
2 0.566429 0.013571 0.092857 0.027143
2 0.542857 0.289286 0.117143 0.09
0 0.627143 0.381429 0.102857 0.065714
