0 0.16 0.065714 0.171429 0.131429
0 0.291429 0.269286 0.054286 0.09
0 0.405 0.271429 0.075714 0.1
0 0.481429 0.260714 0.06 0.115714
0 0.099286 0.547857 0.124286 0.132857
0 0.367143 0.597857 0.117143 0.064286
0 0.585714 0.453571 0.12 0.084286
0 0.896429 0.432143 0.138571 0.115714
0 0.874286 0.305 0.094286 0.078571
0 0.547143 0.709286 0.082857 0.087143
0 0.345714 0.753571 0.125714 0.135714
0 0.055714 0.724286 0.091429 0.111429
0 0.202143 0.805 0.075714 0.147143
0 0.487857 0.015714 0.092857 0.031429
0 0.971429 0.284286 0.057143 0.085714
0 0.682857 0.042143 0.071429 0.084286
0 0.930714 0.017143 0.075714 0.034286
2 0.166429 0.188571 0.092857 0.077143
2 0.142857 0.489286 0.117143 0.09
2 0.917143 0.2 0.088571 0.074286
0 0.227143 0.581429 0.102857 0.065714
