0 0.091429 0.069286 0.054286 0.09
0 0.205 0.071429 0.075714 0.1
0 0.281429 0.060714 0.06 0.115714
0 0.167143 0.397857 0.117143 0.064286
0 0.385714 0.253571 0.12 0.084286
0 0.696429 0.232143 0.138571 0.115714
0 0.674286 0.105 0.094286 0.078571
0 0.347143 0.509286 0.082857 0.087143
0 0.145714 0.553571 0.125714 0.135714
0 0.02 0.605 0.04 0.147143
0 0.887143 0.213571 0.102857 0.075714
0 0.972143 0.213571 0.055714 0.092857
0 0.771429 0.084286 0.057143 0.085714
2 0.006429 0.013571 0.012857 0.027143
2 0.717143 0.018571 0.088571 0.037143
0 0.039286 0.381429 0.078571 0.065714
