0 0.882143 0.431429 0.23 0.262857
0 0.881429 0.147857 0.237143 0.295714
0 0.1 0.159286 0.2 0.318571
0 0.045714 0.816429 0.091429 0.367143
2 0.300714 0.067857 0.087143 0.09
2 0.437857 0.057857 0.087143 0.095714
2 0.453571 0.275 0.09 0.081429
2 0.457857 0.393571 0.092857 0.092857
2 0.470714 0.547857 0.095714 0.11
2 0.007857 0.663571 0.015714 0.087143
2 0.726429 0.695714 0.124286 0.12
2 0.274286 0.402143 0.071429 0.07
2 0.270714 0.317143 0.081429 0.071429
2 0.865714 0.732143 0.08 0.09
2 0.009286 0.58 0.018571 0.062857
2 0.747857 0.596429 0.087143 0.067143
