     0/499     7.44G   0.07243   0.03052   0.02269    0.1256       109       640 0.0008352   0.06791 0.0004377 6.959e-05   0.09776   0.04592   0.02173
     1/499     7.37G   0.06984   0.02933   0.02146    0.1206       124       640  0.004352   0.01371 0.0008182 0.0001411    0.0985   0.04484   0.02164
     2/499     7.37G   0.06908   0.03011   0.02062    0.1198       135       640  0.002457    0.1144 0.0006634 0.0001097   0.09871   0.04561   0.02108
     3/499     7.37G   0.06849   0.02922   0.02009    0.1178        74       640   0.01942  0.009969  0.001512 0.0002955    0.1004   0.04547   0.02208
     4/499     7.37G   0.06804    0.0298   0.01959    0.1174        75       640   0.01366   0.03121  0.002027 0.0003432   0.09909    0.0448   0.02111
     5/499     7.37G   0.06785   0.03088   0.01937    0.1181        45       640  0.005151   0.02939  0.002773 0.0003736    0.1015   0.04454   0.02435
     6/499     7.37G   0.06771   0.02835   0.01898     0.115       125       640   0.01097   0.03676  0.004401   0.00115    0.1004   0.04361   0.02111
     7/499     7.37G   0.06682   0.02859   0.01847    0.1139       127       640   0.02338    0.0398  0.005996   0.00101   0.09699   0.04571    0.0194
     8/499     7.37G   0.06713   0.03099   0.01765    0.1158        48       640  0.002218   0.08224 0.0007466 0.0001282   0.09739   0.04541   0.01802
     9/499     7.37G    0.0658   0.03035   0.01723    0.1134       138       640    0.3695   0.03427    0.0126  0.002474   0.09778   0.04166   0.01907
    10/499     7.37G   0.06527   0.02882   0.01682    0.1109       147       640  0.005363   0.03738   0.00231 0.0003265   0.09776     0.043   0.01697
    11/499     7.37G   0.06383   0.02924   0.01623    0.1093        80       640  0.001753    0.1103  0.000649 0.0001027    0.1009   0.08012   0.02881
    12/499     7.37G   0.06327   0.02831    0.0158    0.1074       160       640   0.03452   0.03115  0.009265  0.002302   0.09355   0.04574    0.0165
    13/499     7.37G   0.06181   0.02829   0.01506    0.1052        40       640    0.3597   0.04237  0.009321  0.002501   0.09421   0.04946   0.01763
    14/499     7.37G   0.06255   0.02843   0.01469    0.1057        63       640    0.4151   0.06916   0.03964  0.008267   0.09183   0.04562   0.01736
    15/499     7.37G   0.06179   0.02802   0.01394    0.1038        80       640    0.0149    0.2815  0.005299 0.0009853    0.0957   0.07133    0.0282
    16/499     7.37G   0.06223   0.02798    0.0136    0.1038        62       640    0.7004   0.06667   0.02402  0.005667   0.08567   0.04925   0.01403
    17/499     7.37G   0.06074   0.02921   0.01249    0.1024        55       640    0.4135   0.07414    0.0616   0.01442   0.08399   0.04828   0.01263
    18/499     7.37G   0.05994   0.02721   0.01171   0.09886       103       640   0.09381    0.2971    0.0718   0.01697   0.08776   0.04699   0.01174
    19/499     7.37G   0.06006   0.02938   0.01168    0.1011        71       640    0.7235   0.06231   0.01872  0.004477   0.09573   0.06033   0.02027
    20/499     7.37G    0.0593   0.02843   0.01145   0.09919        80       640   0.07522    0.1961    0.0402  0.008079    0.1011   0.05713     0.024
    21/499     7.37G   0.05839   0.02926   0.01015   0.09781        97       640    0.1031    0.3235   0.06559   0.01262   0.09168    0.1773   0.04255
    22/499     7.37G   0.05817    0.0284   0.00998   0.09655        59       640    0.1499    0.3894    0.1441   0.02833   0.08544   0.04701   0.01192
    23/499     7.37G   0.05817   0.02951   0.01001    0.0977       134       640    0.5151     0.181    0.1714    0.0411   0.08348   0.04975   0.01026
    24/499     7.37G   0.05736   0.02645  0.009832   0.09364        70       640    0.1913    0.3174    0.1182   0.03083   0.08626    0.0467   0.01145
    25/499     7.37G   0.05772   0.02885  0.009534    0.0961        63       640    0.1073     0.246   0.07732   0.02008   0.09244   0.05074   0.02884
    26/499     7.37G    0.0574    0.0285  0.009609   0.09551       106       640     0.251    0.3951    0.1731   0.03773   0.08173   0.04749  0.009913
    27/499     7.37G   0.05632   0.02798   0.00874   0.09304        71       640    0.1333    0.2619   0.09629    0.0216   0.08721   0.05146    0.0124
    28/499     7.37G   0.05716   0.02822  0.009125   0.09451        84       640   0.03831     0.256   0.01563  0.003098   0.09055     2.013   0.05051
    29/499     7.37G    0.0572   0.02717   0.00856   0.09293        98       640     0.028    0.2182   0.01103  0.002466   0.09678     7.749    0.2887
    30/499     7.37G   0.05656   0.02737  0.008293   0.09223       165       640    0.2574    0.3563    0.1794   0.04346   0.08265   0.05372  0.009507
    31/499     7.37G   0.05633    0.0284  0.008042   0.09277        99       640   0.06737    0.3924   0.04076   0.01086   0.09008    0.1505   0.08982
    32/499     7.37G   0.05583   0.02742  0.008017   0.09127        54       640    0.1351    0.2948    0.1109   0.03327   0.08614    0.0717   0.02246
    33/499     7.37G   0.05622    0.0273  0.008163   0.09168       100       640    0.4194    0.3171    0.2529   0.06894   0.08168   0.04858  0.009042
    34/499     7.37G   0.05519   0.02834  0.008024   0.09155       130       640      0.39    0.2497    0.2066    0.0457   0.08238   0.04701   0.01129
    35/499     7.37G   0.05545   0.02943  0.007913   0.09279        75       640    0.4439    0.2906    0.2547   0.07714   0.07959   0.04838  0.007867
    36/499     7.37G   0.05487    0.0274  0.007685   0.08995        82       640    0.4521    0.2988    0.2292   0.07397   0.08153   0.04782   0.01143
    37/499     7.37G   0.05568   0.02823   0.00708   0.09099        67       640    0.4406    0.2748    0.2363   0.07524   0.08313   0.04699  0.009315
    38/499     7.37G   0.05394   0.02789  0.007326   0.08915        59       640    0.5022    0.3438    0.2692   0.07795   0.08269   0.04611    0.0125
    39/499     7.37G   0.05458   0.02853  0.007001   0.09011       176       640    0.3539    0.3403    0.2723   0.07058   0.07842   0.04791  0.007358
    40/499     7.37G   0.05497   0.02757  0.007191   0.08972       134       640     0.367    0.4021    0.3099    0.1007   0.07675   0.04728  0.007628
    41/499     7.37G   0.05435   0.02915  0.007224   0.09072       178       640    0.3344    0.4071     0.297    0.0838    0.0757   0.04823  0.006375
    42/499     7.37G   0.05343   0.02895  0.006763   0.08914       105       640    0.4156    0.3724    0.3041   0.07733    0.0787   0.04742  0.007453
    43/499     7.37G   0.05387   0.02799  0.006635   0.08849       114       640    0.4321    0.4153    0.3595   0.09071   0.07734   0.04695  0.006417
    44/499     7.37G   0.05386   0.02721  0.006496   0.08757       122       640    0.3609    0.3418    0.2849   0.08078   0.07931   0.04631    0.0092
    45/499     7.37G   0.05315   0.02713  0.006037   0.08631       203       640    0.3394    0.4398    0.2942   0.09217   0.07593   0.04739  0.006784
    46/499     7.37G   0.05362    0.0278  0.006226   0.08765        57       640    0.3264    0.3279    0.2328   0.05152    0.0786   0.04818  0.007095
    47/499     7.37G   0.05207   0.02701  0.006043   0.08512       120       640    0.3118     0.424    0.2373   0.06156   0.07911   0.04623  0.009079
    48/499     7.37G    0.0531   0.02804  0.006164   0.08731       106       640    0.4316    0.3107    0.2395   0.06638   0.07759   0.04805   0.01248
    49/499     7.37G   0.05337   0.02838  0.005988   0.08774        64       640    0.4592    0.3319    0.3213   0.09454   0.07423   0.05016  0.007128
    50/499     7.37G    0.0527   0.02827  0.005984   0.08695       103       640    0.4036    0.3626    0.2942   0.08362   0.07594     0.048  0.006444
    51/499     7.37G   0.05262   0.02766   0.00587   0.08615       117       640    0.3931    0.4484    0.3444    0.0916   0.07717    0.0471   0.00641
    52/499     7.37G   0.05274   0.02788  0.005773    0.0864        73       640    0.3839    0.4429    0.3353     0.105   0.07592   0.04682  0.006331
    53/499     7.37G    0.0518   0.02765  0.005482   0.08492        88       640    0.3673    0.4795    0.3539    0.1055   0.07568   0.04762  0.006749
    54/499     7.37G   0.05227   0.02673  0.005678   0.08468        98       640    0.5337    0.3675    0.3651    0.1066   0.07555   0.04757  0.007782
    55/499     7.37G   0.05244   0.02716  0.005947   0.08555        70       640    0.3604    0.4707    0.3175   0.09293   0.07715   0.04651  0.007352
    56/499     7.37G   0.05213   0.02612   0.00612   0.08437       117       640    0.4718    0.4118    0.3537    0.1069   0.07442   0.04759  0.006865
    57/499     7.37G   0.05153   0.02753  0.005294   0.08436        91       640    0.4953    0.4001    0.3739    0.1211   0.07499   0.04703  0.006909
    58/499     7.37G    0.0512   0.02677   0.00523    0.0832       103       640    0.3945    0.4376    0.3151    0.1009   0.07487   0.05045  0.006876
    59/499     7.37G   0.05113   0.02608  0.005183   0.08239        90       640    0.4193    0.4542    0.3544    0.1085   0.07384   0.04944  0.006874
    60/499     7.37G   0.05179   0.02596  0.005256   0.08301       106       640     0.312    0.4426    0.3412    0.1086   0.07411   0.04887  0.006263
    61/499     7.37G   0.05097   0.02698  0.005029   0.08298        45       640    0.5417    0.4005      0.36    0.1212   0.07524   0.04779  0.006911
    62/499     7.37G   0.05121   0.02668  0.005428   0.08331       102       640    0.3759    0.5557     0.393    0.1298   0.07188   0.04847   0.02161
    63/499     7.37G   0.05079   0.02698  0.005159   0.08293       105       640    0.4505    0.4376    0.3842     0.119   0.07467     0.047  0.006776
    64/499     7.37G   0.05039   0.02797  0.005515   0.08387       109       640    0.5348     0.461    0.4455     0.147   0.07282   0.04576  0.005691
    65/499     7.37G   0.05085   0.02635  0.005145   0.08235       117       640     0.428    0.4206    0.3537     0.116   0.07461   0.04739  0.006022
    66/499     7.37G   0.05042   0.02677  0.005497   0.08268       104       640    0.4296    0.4684    0.3965     0.125   0.07301   0.04755  0.005525
    67/499     7.37G   0.05042   0.02708  0.005162   0.08266       110       640    0.4447    0.5033    0.4335    0.1414   0.07186   0.04837  0.006961
    68/499     7.37G   0.05052   0.02623  0.004936   0.08169        59       640    0.4953    0.3988    0.3714    0.1236   0.07414   0.04825  0.006898
    69/499     7.37G    0.0495   0.02565  0.004533   0.07968       104       640    0.4102    0.5285     0.417     0.141   0.07253   0.04711   0.00692
    70/499     7.37G   0.05008   0.02684  0.004923   0.08184        64       640    0.5269    0.4408    0.4261    0.1469   0.07191   0.04845  0.006519
    71/499     7.37G   0.04979   0.02633   0.00466   0.08078        45       640    0.5303     0.434    0.4031    0.1418   0.07112   0.04863  0.006829
    72/499     7.37G   0.04975   0.02562  0.004857   0.08023        87       640    0.4786    0.4813    0.4133    0.1517   0.07083    0.0486  0.006131
    73/499     7.37G   0.05048   0.02637  0.005766   0.08262        45       640    0.3022    0.2713    0.2243   0.06746   0.08605   0.08233    0.5662
    74/499     7.37G   0.05023    0.0267  0.005013   0.08195       146       640    0.3094    0.4925    0.3595    0.1343   0.07232   0.04762   0.01084
    75/499     7.37G    0.0498   0.02701  0.004721   0.08153        90       640    0.4867    0.4349    0.4115     0.119   0.07212   0.05081  0.005889
    76/499     7.37G   0.05029    0.0265  0.004754   0.08155        60       640    0.5257    0.4955    0.4796     0.158   0.07079   0.04832  0.005534
    77/499     7.37G   0.04996   0.02624  0.004476   0.08067        47       640    0.4615    0.5486    0.4408      0.14   0.07161   0.04855  0.005666
    78/499     7.37G   0.04978   0.02675  0.004667   0.08119        92       640    0.4206    0.4588    0.3344    0.1093    0.0741   0.04894   0.00757
    79/499     7.37G   0.05014   0.02541   0.00474   0.08029       129       640     0.439    0.5158    0.4281    0.1479   0.07056   0.04755  0.007456
    80/499     7.37G   0.04919   0.02625  0.004485   0.07992        76       640    0.4781    0.4908     0.442     0.148   0.07183   0.04526  0.006767
    81/499     7.37G   0.04937   0.02595    0.0045   0.07982        73       640    0.3936    0.4626    0.3419    0.1165    0.0734   0.05047  0.008744
    82/499     7.37G   0.04943   0.02496  0.004341   0.07873        78       640    0.4667    0.5141    0.4363    0.1538   0.07101   0.04992  0.006127
    83/499     7.37G   0.04856   0.02597   0.00437    0.0789       119       640    0.5131    0.5557    0.4898     0.179   0.06996   0.04644  0.006094
    84/499     7.37G   0.04832   0.02554  0.004268   0.07813       117       640    0.4179    0.4882     0.421    0.1352   0.07079   0.05061   0.00526
    85/499     7.37G   0.04891   0.02541  0.004028   0.07834       118       640    0.4847    0.5588     0.481    0.1749   0.07155   0.04833  0.005979
    86/499     7.37G   0.04861   0.02574   0.00431   0.07865        72       640    0.5607    0.4424    0.4434     0.154   0.07103   0.04738  0.005879
    87/499     7.37G   0.04835   0.02556  0.004245   0.07815       111       640    0.5147    0.5015    0.4642    0.1593   0.07332   0.04571  0.007324
    88/499     7.37G   0.04802    0.0245  0.004658   0.07718        79       640    0.5513    0.4889    0.4711    0.1608   0.07067   0.04568  0.005439
    89/499     7.37G   0.04892   0.02365  0.004361   0.07694       106       640    0.6059    0.4795    0.4611    0.1609   0.06972   0.04808  0.005525
    90/499     7.37G   0.04845   0.02522  0.004493   0.07816       147       640    0.4653    0.5298     0.471    0.1495   0.07147   0.04951   0.00552
    91/499     7.37G   0.04765   0.02482  0.003976   0.07645       116       640    0.5772    0.5303    0.5327     0.178    0.0717   0.04581  0.006014
    92/499     7.37G   0.04811   0.02626  0.004144   0.07851       101       640    0.4961    0.5251    0.5148     0.194   0.06867    0.0477  0.005952
    93/499     7.37G   0.04798   0.02575  0.004088   0.07783       139       640    0.5345    0.4819    0.4675     0.174   0.06993   0.04793  0.006097
    94/499     7.37G   0.04825   0.02477  0.004331   0.07735        53       640    0.5492    0.5765    0.5314    0.1988   0.06899   0.04831  0.005501
    95/499     7.37G   0.04771   0.02506  0.004239   0.07701        91       640    0.5484     0.584    0.5102    0.1855   0.06888   0.04717  0.006201
    96/499     7.37G   0.04855   0.02465  0.004273   0.07747        96       640    0.5521    0.5432    0.5245    0.1885   0.06981   0.04897  0.006318
    97/499     7.37G   0.04846   0.02574  0.004197    0.0784        39       640    0.5887    0.6198    0.5579    0.2087   0.06836   0.04632  0.005622
    98/499     7.37G   0.04736   0.02536  0.004147   0.07687       108       640    0.5128     0.505     0.471    0.1891    0.0689   0.04741  0.006509
    99/499     7.37G   0.04703   0.02497  0.003691    0.0757        42       640    0.5242    0.6422    0.5437     0.202   0.06719   0.04756  0.005262
   100/499     7.37G   0.04709   0.02489  0.003987   0.07597        78       640    0.5562    0.4764     0.462     0.169   0.06891    0.0493  0.006189
   101/499     7.37G   0.04747   0.02385  0.003904   0.07523        55       640    0.5038    0.5908    0.5316    0.2062   0.06743   0.04885  0.005755
   102/499     7.37G   0.04803   0.02539  0.004329   0.07775       164       640    0.7199    0.4484    0.5318    0.2041   0.06713   0.04862  0.005811
   103/499     7.37G   0.04719    0.0251  0.003903   0.07619       157       640    0.5713    0.5928     0.567    0.2056   0.06665   0.04763  0.005713
   104/499     7.37G   0.04685   0.02459  0.003925   0.07537        67       640    0.6555    0.5185    0.5317    0.1851    0.0687   0.04938  0.005825
   105/499     7.37G   0.04811   0.02459  0.004194   0.07689        72       640    0.6431    0.4854    0.5438    0.2122   0.06888    0.0475  0.005857
   106/499     7.37G   0.04725   0.02624   0.00412   0.07761       102       640    0.5673    0.4911    0.4731    0.1887   0.06947   0.04983  0.006697
   107/499     7.37G   0.04636   0.02538  0.003772    0.0755        53       640    0.6046    0.5321    0.5465    0.2029   0.06886    0.0468  0.006094
   108/499     7.37G   0.04696   0.02458  0.003819   0.07537       143       640    0.4877    0.6281    0.5306    0.1735   0.06844   0.05005  0.006538
   109/499     7.37G   0.04713   0.02586  0.003949   0.07694        41       640    0.6956    0.4894    0.5407    0.2021   0.06757   0.04828  0.006029
   110/499     7.37G   0.04728   0.02449  0.004042   0.07581       135       640    0.5586    0.5665    0.5673    0.2109   0.06788   0.04789  0.006082
   111/499     7.37G   0.04645   0.02476  0.003645   0.07485        86       640    0.5649    0.5186    0.5247    0.2139   0.06938   0.04566  0.006194
   112/499     7.37G   0.04641   0.02509  0.003953   0.07545        97       640    0.5451    0.5474    0.4871    0.1945   0.07153   0.04661  0.006804
   113/499     7.37G   0.04615    0.0253  0.003986   0.07544       100       640    0.6351    0.5177    0.5115    0.1827   0.06974   0.04877   0.00746
   114/499     7.37G   0.04595   0.02477  0.004055   0.07477        56       640    0.6761    0.5931    0.6109    0.2091   0.06619   0.05152  0.005442
   115/499     7.37G   0.04633   0.02432  0.003706   0.07436       101       640    0.5834    0.5568    0.5464    0.2107   0.06879   0.04933  0.007283
   116/499     7.37G   0.04692   0.02343  0.003927   0.07428        88       640    0.6554    0.5708    0.6211    0.2309   0.06666   0.04726  0.006225
   117/499     7.37G    0.0465   0.02455  0.003832   0.07488        86       640    0.6846    0.4655    0.5336    0.2034   0.06869   0.04984  0.006015
   118/499     7.37G   0.04631   0.02479  0.003581   0.07468       149       640    0.6374    0.5008    0.5169     0.186   0.06854   0.05328  0.006147
   119/499     7.37G   0.04619   0.02311  0.003956   0.07326       123       640    0.5633    0.5728    0.5579    0.2051    0.0703   0.04774  0.006532
   120/499     7.37G   0.04663   0.02415  0.003824    0.0746        58       640     0.563    0.6104    0.5807    0.2371   0.06568   0.05069  0.006453
   121/499     7.37G   0.04639   0.02435  0.003549   0.07429        89       640    0.5918    0.5268    0.5187    0.1987   0.06845   0.04924   0.00589
   122/499     7.37G    0.0458   0.02366  0.003581   0.07304        60       640    0.6262    0.4912    0.5108    0.1868    0.0679   0.05058   0.00575
   123/499     7.37G   0.04608   0.02491  0.003776   0.07477        51       640    0.5726    0.5933    0.5597    0.1935   0.06793    0.0495  0.005823
   124/499     7.37G   0.04578   0.02495  0.003589   0.07432       128       640    0.6089     0.549    0.5683    0.2109    0.0666   0.05158   0.00573
   125/499     7.37G   0.04517   0.02495  0.003674   0.07379        74       640    0.6497    0.6052    0.6093    0.2197   0.06856   0.04785  0.006431
   126/499     7.37G   0.04612   0.02394  0.003759   0.07382       104       640    0.6722    0.5786    0.6098    0.2518   0.06802   0.04578  0.005301
   127/499     7.37G   0.04566   0.02414  0.003587   0.07339       111       640     0.583    0.6445    0.6256    0.2714   0.06459   0.04926  0.005557
   128/499     7.37G   0.04513   0.02361  0.003731   0.07247        88       640    0.7959    0.4895    0.6147    0.2504   0.06639   0.05243  0.006262
   129/499     7.37G   0.04482   0.02511  0.003199   0.07312       110       640    0.7243    0.5559     0.627    0.2476   0.06656   0.04788  0.005991
   130/499     7.37G   0.04538   0.02439  0.003828   0.07359        91       640    0.6787    0.5575    0.6082    0.2467   0.06711   0.04898  0.005788
   131/499     7.37G   0.04517   0.02489  0.003595   0.07366        47       640    0.7557    0.5639    0.6418    0.2728   0.06518   0.04909  0.005147
   132/499     7.37G   0.04552   0.02494  0.003443    0.0739       115       640    0.6825     0.569    0.5986    0.2458   0.06917   0.05185  0.005396
   133/499     7.37G   0.04567   0.02387  0.003806   0.07334       137       640    0.7227    0.6086    0.6459     0.265   0.06457    0.0507  0.005321
   134/499     7.37G   0.04545   0.02468  0.003467    0.0736       107       640    0.5978    0.6519    0.6247    0.2379   0.06676   0.04867    0.0055
   135/499     7.37G   0.04501   0.02381   0.00332   0.07214        58       640    0.6755     0.668    0.6755    0.2882   0.06299   0.04874  0.004886
   136/499     7.37G    0.0449   0.02393  0.003307   0.07214        79       640    0.7264    0.6646    0.6882    0.2699   0.06493   0.04794  0.006289
   137/499     7.37G   0.04433    0.0239  0.003598   0.07183        91       640    0.6347    0.6018    0.5946    0.2556   0.06521   0.04934   0.00623
   138/499     7.37G   0.04494   0.02519  0.003628   0.07375       101       640    0.7097    0.6131    0.6397    0.2573   0.06385    0.0487  0.005204
   139/499     7.37G   0.04411   0.02554  0.003294   0.07295        65       640    0.6737    0.6622    0.6607    0.2644   0.06465   0.04783  0.005382
   140/499     7.37G   0.04516   0.02271  0.003555   0.07142       105       640    0.6369    0.6428    0.6275    0.2679    0.0657   0.04865  0.005529
   141/499     7.37G   0.04404   0.02399  0.003316   0.07135       111       640    0.6914    0.6247    0.6506     0.269   0.06408   0.04858  0.005324
   142/499     7.37G   0.04417   0.02431  0.003546   0.07203       164       640    0.7386    0.6378     0.694    0.2843   0.06424   0.04781  0.005278
   143/499     7.37G     0.044   0.02465  0.003527   0.07218        84       640    0.6128    0.5946    0.5692    0.2362   0.06687   0.04936  0.006538
   144/499     7.37G   0.04517   0.02406  0.003645   0.07287       103       640    0.7043    0.5993     0.632    0.2632   0.06603   0.04705   0.00562
   145/499     7.37G   0.04386   0.02249  0.002996   0.06934       113       640    0.5904    0.7051    0.6346    0.2547   0.06543    0.0475  0.005561
   146/499     7.37G   0.04545   0.02374  0.003744   0.07293       130       640    0.7036    0.6405    0.6534    0.2699   0.06618   0.04822  0.005748
   147/499     7.37G   0.04438   0.02493  0.003256   0.07256       155       640    0.6468    0.5793    0.5703    0.2152   0.06738   0.05091  0.005934
   148/499     7.37G   0.04458   0.02439  0.003661   0.07263       122       640    0.7217    0.6152    0.6456    0.2909   0.06537   0.04683  0.005318
   149/499     7.37G   0.04371   0.02452  0.003518   0.07174        99       640     0.505    0.5885    0.4991    0.2051   0.06803   0.05369  0.007716
   150/499     7.37G   0.04475   0.02366  0.003408   0.07181        70       640    0.7001    0.5977    0.6377    0.2729   0.06449   0.04945  0.005352
   151/499     7.37G   0.04406   0.02433  0.003365   0.07175        68       640    0.7468    0.6355    0.6832     0.303   0.06351    0.0477   0.00503
   152/499     7.37G   0.04396   0.02345  0.003634   0.07105        83       640    0.8214     0.583    0.6849    0.2966   0.06326   0.04889  0.005308
   153/499     7.37G   0.04432   0.02443  0.003527   0.07228        93       640    0.6764    0.5435    0.5899    0.2498   0.06538   0.05058  0.005935
   154/499     7.37G   0.04345   0.02259  0.003399   0.06944       108       640    0.6501     0.655    0.6368    0.2606   0.06508   0.05194  0.005997
   155/499     7.37G   0.04407   0.02257  0.003281   0.06993        92       640    0.7371    0.6127    0.6515     0.274   0.06576   0.04954  0.006482
   156/499     7.37G   0.04351   0.02269  0.002963   0.06917       115       640    0.7437    0.6477    0.6704    0.2878    0.0632    0.0487  0.005188
   157/499     7.37G   0.04329   0.02345  0.003174   0.06991       144       640    0.7654     0.657    0.6907    0.3132   0.06372   0.04905  0.005015
   158/499     7.37G   0.04366   0.02311  0.003322   0.07009       140       640    0.8132    0.7075    0.7682    0.3684   0.06158   0.04746  0.005388
   159/499     7.37G   0.04323   0.02252  0.003215   0.06897        64       640    0.7867    0.6453    0.7095    0.3283   0.06414   0.04789  0.005562
   160/499     7.37G   0.04378   0.02367  0.003573   0.07102        89       640    0.5721    0.6699    0.6098    0.2675   0.06382   0.05058  0.005365
   161/499     7.37G   0.04299    0.0237  0.003458   0.07015       169       640    0.7638    0.7111    0.7266    0.3128   0.06417   0.04817  0.005327
   162/499     7.37G   0.04344   0.02312  0.003272   0.06983        44       640     0.725    0.6649    0.7098    0.3207   0.06162   0.04774  0.005208
   163/499     7.37G   0.04352    0.0242  0.003385   0.07111        46       640    0.7402     0.712    0.7575     0.344   0.06194   0.04814  0.004917
   164/499     7.37G   0.04214   0.02129  0.002907   0.06633       115       640    0.7262     0.644     0.672    0.3019   0.06579   0.04898   0.00524
   165/499     7.37G   0.04319   0.02251  0.003026   0.06873        48       640    0.7836    0.6048    0.6586    0.2739   0.06386   0.05112  0.005573
   166/499     7.37G   0.04247   0.02334  0.002997   0.06881       153       640    0.7524    0.6988    0.7095    0.3214   0.06384   0.04751  0.005128
   167/499     7.37G   0.04321   0.02323  0.002891   0.06933       132       640    0.7303    0.6857     0.722    0.3312   0.06262   0.04794  0.005193
   168/499     7.37G   0.04251   0.02431  0.002881    0.0697        71       640    0.7573    0.7177    0.7455    0.3531   0.06133   0.04868  0.005614
   169/499     7.37G   0.04321   0.02232  0.003082   0.06862        99       640    0.7694     0.691    0.7167    0.3394   0.06119   0.04967  0.005724
   170/499     7.37G   0.04283   0.02296  0.003031   0.06882       173       640    0.6808    0.7101    0.6835    0.2993   0.06379   0.04658   0.00559
   171/499     7.37G   0.04314   0.02428  0.003228   0.07065        72       640    0.7571    0.6831     0.684    0.3078    0.0641   0.04667  0.005452
   172/499     7.37G   0.04334   0.02205  0.003121   0.06851       218       640    0.7326    0.7583    0.7691    0.3593    0.0613    0.0473  0.004974
   173/499     7.37G   0.04263   0.02276  0.002724   0.06812        91       640    0.7824    0.6773    0.7385    0.3525   0.06453   0.04752  0.005394
   174/499     7.37G   0.04259   0.02229  0.002915   0.06779       111       640    0.7832    0.7045    0.7592    0.3475   0.06264   0.04878  0.004709
   175/499     7.37G     0.042    0.0225   0.00313   0.06763        51       640    0.7837    0.6218    0.6905    0.3116   0.06341   0.04826  0.004801
   176/499     7.37G   0.04248    0.0211  0.003192   0.06678        43       640    0.8068     0.636    0.7149    0.3271   0.06357    0.0479  0.005555
   177/499     7.37G   0.04262   0.02236  0.003034   0.06801        87       640    0.8148    0.6548    0.7177    0.3363    0.0614   0.04771  0.005117
   178/499     7.37G   0.04223   0.02318  0.003288   0.06869        79       640    0.7419    0.7176    0.7429    0.3692   0.06229   0.04709  0.005272
   179/499     7.37G   0.04151    0.0235  0.003099   0.06811        75       640    0.8486    0.6809    0.7806    0.3778   0.06267    0.0467  0.004824
   180/499     7.37G    0.0426   0.02247  0.003161   0.06824        94       640    0.7321    0.7373    0.7608    0.3657   0.06145   0.04631  0.005156
   181/499     7.37G   0.04235   0.02348  0.002843   0.06866        99       640    0.7647    0.7183    0.7519    0.3599   0.06243   0.04732  0.004986
   182/499     7.37G   0.04208   0.02271  0.003098   0.06789        92       640    0.7859    0.6846    0.7477    0.3564   0.06281   0.04762  0.005483
   183/499     7.37G   0.04182   0.02231  0.002803   0.06694       120       640    0.8152     0.726    0.7647     0.389   0.06018   0.04747  0.005012
   184/499     7.37G   0.04209   0.02415  0.003103   0.06934        50       640    0.7465    0.7114    0.7339    0.3483   0.06213   0.04682  0.004831
   185/499     7.37G   0.04115   0.02205  0.002753   0.06596       116       640    0.8212    0.7017    0.7679    0.3719   0.06273   0.04769  0.005123
   186/499     7.37G   0.04167   0.02162  0.003111   0.06641        83       640    0.8024    0.7504    0.8071    0.3775   0.06092   0.04679  0.005216
   187/499     7.37G   0.04105   0.02156  0.002735   0.06535        81       640    0.8412    0.7256    0.7882    0.4078   0.06032   0.04705  0.005908
   188/499     7.37G   0.04109    0.0212  0.002738   0.06502        91       640    0.7749    0.7563    0.7833    0.3876   0.06161   0.04656  0.005179
   189/499     7.37G   0.04203   0.02128  0.002859   0.06618        86       640     0.817    0.7086    0.7725    0.3894   0.06202   0.04761  0.004853
   190/499     7.37G    0.0417    0.0227  0.002891   0.06729        98       640     0.702    0.7216    0.7167    0.3283   0.06331   0.04834  0.005633
   191/499     7.37G   0.04211   0.02251  0.003174   0.06779       121       640    0.8436     0.682    0.7677    0.3632   0.06074    0.0487  0.005037
   192/499     7.37G   0.04102   0.02243  0.002818   0.06626        88       640    0.8627    0.7458    0.7991     0.383    0.0617   0.04741  0.004778
   193/499     7.37G    0.0411   0.02253  0.002724   0.06636       138       640    0.8227    0.6913    0.7552    0.3646   0.06412   0.04746  0.005193
   194/499     7.37G   0.04161   0.02194  0.003106   0.06666        62       640    0.8673    0.7185    0.7872    0.3915    0.0601   0.04821  0.004994
   195/499     7.37G   0.04119   0.02287   0.00284    0.0669        96       640    0.7923    0.6629    0.7136    0.3388   0.06296   0.04776   0.00458
   196/499     7.37G   0.04228    0.0223  0.003012   0.06759        72       640    0.8059    0.6932    0.7324    0.3548   0.06294   0.04778   0.00518
   197/499     7.37G   0.04196   0.02232  0.003245   0.06753        71       640    0.7907     0.757    0.7904    0.4145   0.06032   0.04781  0.004766
   198/499     7.37G   0.04132   0.02202  0.003104   0.06644        77       640    0.7839    0.7261    0.7655    0.3557   0.06382   0.04667  0.004956
   199/499     7.37G   0.04111   0.02174  0.002697   0.06554        91       640    0.7803    0.7354    0.7705    0.3819   0.06134   0.04858  0.004675
   200/499     7.37G   0.04086    0.0216  0.002771   0.06524       110       640    0.9026    0.7107    0.8085    0.4171   0.06033   0.04733  0.004469
   201/499     7.37G   0.04093   0.02235  0.002768   0.06605       124       640    0.8378    0.7464    0.7901    0.3787   0.06175   0.04759  0.004449
   202/499     7.37G   0.04054   0.02178  0.002762   0.06508        82       640     0.811    0.7024    0.7525    0.3373   0.06271   0.04791  0.004494
   203/499     7.37G   0.04103   0.02277  0.002751   0.06654        96       640    0.8706    0.6731     0.773    0.3924   0.06176   0.04623  0.004506
   204/499     7.37G   0.04125   0.02219  0.002562     0.066        94       640    0.8286    0.7141    0.7838    0.3762   0.06031   0.04725  0.004431
   205/499     7.37G   0.04044   0.02189   0.00286   0.06519       132       640    0.7909    0.7752    0.8033    0.3933   0.05891   0.04865  0.004254
   206/499     7.37G   0.04092    0.0215   0.00282   0.06523        30       640    0.8548    0.7462    0.8008    0.4139   0.05895   0.04867  0.004337
   207/499     7.37G   0.04076   0.02185  0.002775   0.06539        72       640     0.772    0.7435    0.7673    0.3705   0.06102   0.04904  0.004496
   208/499     7.37G   0.04086   0.02151  0.002923   0.06529        72       640    0.7602    0.7318    0.7731    0.3901   0.06051   0.04738  0.004343
   209/499     7.37G   0.04008   0.02146  0.002626   0.06417       138       640    0.8204    0.7305    0.8043    0.4112   0.06046   0.04812  0.004638
   210/499     7.37G   0.04032   0.02144  0.002914   0.06468        90       640    0.7622    0.7295     0.761    0.3558   0.06336   0.04671  0.005073
   211/499     7.37G    0.0399   0.02056   0.00261   0.06307        72       640    0.8876    0.7325    0.8128    0.4155   0.05972     0.047  0.004655
   212/499     7.37G   0.03947   0.02202  0.002606    0.0641        83       640    0.9003    0.7396    0.8207    0.4223   0.05873   0.04787  0.004228
   213/499     7.37G   0.03967   0.02147  0.002724   0.06387        99       640    0.8608    0.7443    0.7998    0.4182   0.06013   0.04682  0.004773
   214/499     7.37G   0.03976   0.02268  0.002692   0.06514        85       640     0.878     0.708     0.795    0.4008   0.06022   0.04646  0.004462
   215/499     7.37G   0.03994   0.02312  0.002698   0.06576       175       640    0.8809    0.6945    0.7933    0.4091   0.06049    0.0475  0.004594
   216/499     7.37G   0.03998   0.02214  0.002674   0.06479       127       640     0.848    0.6992    0.7654    0.3902   0.06057    0.0488  0.004806
   217/499     7.37G   0.03869   0.02048  0.002387   0.06156        84       640    0.8066    0.7132    0.7592     0.384   0.05948   0.04875  0.004919
   218/499     7.37G   0.03963   0.02201  0.002601   0.06424       124       640    0.8777    0.6714    0.7607    0.3966   0.05928   0.04727  0.005081
   219/499     7.37G   0.03934   0.02191  0.002551    0.0638        51       640    0.8512    0.6916    0.7543    0.4072    0.0588   0.04892  0.004868
   220/499     7.37G   0.03922   0.02076  0.002569   0.06255        48       640    0.8577    0.7853    0.8422    0.4479   0.05749   0.04837  0.004664
   221/499     7.37G   0.03944   0.02139  0.002612   0.06344        86       640    0.8491    0.7431    0.8138    0.4319   0.05825   0.04944   0.00422
   222/499     7.37G   0.03985   0.02216  0.002783   0.06479       122       640    0.8168     0.747     0.809    0.4458   0.05805    0.0482  0.005241
   223/499     7.37G   0.03969   0.02059  0.002782   0.06306        39       640    0.8832       0.7    0.8035    0.4135   0.05821   0.04861  0.004974
   224/499     7.37G   0.03912   0.02159  0.002623   0.06332       134       640    0.9046    0.7271    0.8132    0.4235   0.05934   0.04973  0.005469
   225/499     7.37G    0.0403   0.02157  0.002558   0.06443       104       640    0.8796    0.7073    0.8046    0.4191   0.05977   0.04654  0.005285
   226/499     7.37G   0.03824    0.0201  0.002537   0.06088       150       640    0.8787    0.7087    0.8036    0.4286   0.05916    0.0482  0.004829
   227/499     7.37G   0.03899   0.02128  0.002654   0.06293        37       640    0.8442    0.8024    0.8316     0.469   0.05765   0.04755  0.004347
   228/499     7.37G   0.03904   0.02089   0.00237    0.0623        39       640    0.8791    0.6947    0.7683    0.4005   0.06178   0.04648  0.004812
   229/499     7.37G   0.03949    0.0214  0.002568   0.06346        99       640    0.8628    0.7346    0.8055    0.4251   0.05964   0.04796  0.004718
   230/499     7.37G   0.03984   0.02118  0.002764   0.06378        81       640    0.8826    0.7477    0.8079    0.4421   0.06045   0.04695   0.00472
   231/499     7.37G   0.03975   0.02238   0.00283   0.06495        78       640     0.811    0.7414    0.7708    0.4114   0.06095   0.04702  0.004457
   232/499     7.37G   0.03844   0.02063  0.002416   0.06148        63       640    0.8978    0.7663    0.8234    0.4633   0.05831   0.04807  0.004656
   233/499     7.37G   0.03845   0.02248  0.002616   0.06355        99       640    0.8969    0.7757    0.8197     0.451   0.05869   0.04738  0.004483
   234/499     7.37G   0.03934    0.0216  0.002707   0.06365        80       640    0.8474    0.7533    0.8113    0.4226   0.05846   0.04701  0.004255
   235/499     7.37G   0.03882   0.02194  0.002641    0.0634        35       640    0.9566    0.6845    0.8106    0.4245   0.05872   0.04643  0.004276
   236/499     7.37G   0.03886   0.02181  0.002746   0.06341        57       640    0.8802    0.7142    0.8083     0.437   0.05845   0.04851  0.004834
   237/499     7.37G     0.039   0.02126  0.002576   0.06284        92       640    0.8808    0.7327    0.8085    0.4211   0.06002   0.04729  0.005105
   238/499     7.37G   0.03888   0.02086  0.002721   0.06246        74       640     0.909    0.7549    0.8429    0.4563   0.05732    0.0471  0.004862
   239/499     7.37G   0.03796   0.02244  0.002561   0.06296       153       640    0.9451    0.7322    0.8356    0.4811   0.05648   0.04787  0.005026
   240/499     7.37G   0.03878   0.02234  0.002619   0.06374        72       640    0.8744    0.7476    0.8147    0.4566   0.05764   0.04912   0.00489
   241/499     7.37G   0.03855   0.02102  0.002485   0.06205       115       640    0.8866    0.7686    0.8223    0.4588   0.05783   0.04783  0.004829
   242/499     7.37G   0.03835   0.02043  0.002444   0.06122        98       640    0.9342    0.7363    0.8174    0.4445   0.05985   0.04649  0.004908
   243/499     7.37G   0.03871    0.0212  0.002548   0.06246        61       640    0.9149    0.7614    0.8407    0.4751   0.05831   0.04593  0.004711
   244/499     7.37G   0.03871   0.02045  0.002715   0.06188       136       640    0.8787    0.7425    0.8158    0.4297   0.05896   0.04725  0.004487
   245/499     7.37G   0.03813   0.02122  0.002694   0.06204        93       640     0.894    0.7579    0.8131     0.428    0.0595   0.04816  0.004279
   246/499     7.37G   0.03896   0.02164   0.00258   0.06318       173       640    0.8605    0.7896    0.8355    0.4674   0.05813   0.04827  0.004394
   247/499     7.37G   0.03786   0.02135  0.002609   0.06182       106       640    0.9052     0.762    0.8323    0.4739   0.05792   0.04817  0.004394
   248/499     7.37G   0.03869   0.02119  0.002672   0.06256        51       640    0.9112    0.7496     0.833    0.4624   0.05746   0.04824  0.004688
   249/499     7.37G   0.03787   0.02063  0.002347   0.06084       112       640     0.876    0.7721      0.83    0.4467   0.05881   0.04778  0.004609
   250/499     7.37G   0.03799   0.02141  0.002307   0.06171       134       640    0.8741    0.7805    0.8252    0.4575   0.05757   0.04849  0.004428
   251/499     7.37G   0.03786   0.02119  0.002461   0.06151        98       640    0.9062    0.7916    0.8466    0.4873   0.05513   0.04844  0.004227
   252/499     7.37G   0.03813   0.02158  0.002557   0.06227       153       640    0.9308    0.7596    0.8436    0.4796   0.05649   0.04816  0.003995
   253/499     7.37G   0.03795   0.02175  0.002698    0.0624       115       640    0.9005    0.7676    0.8342    0.4578   0.05891   0.04715  0.004253
   254/499     7.37G    0.0378      0.02  0.002347   0.06014       100       640    0.9114    0.7655    0.8419    0.4715   0.05699   0.04722  0.004187
   255/499     7.37G   0.03792   0.02134  0.002448   0.06171       157       640    0.8988    0.7783    0.8471    0.4538   0.05688   0.04796  0.004349
   256/499     7.37G   0.03719   0.01993  0.002284   0.05941        75       640     0.925    0.7718    0.8565    0.4895   0.05615   0.04925  0.003881
   257/499     7.37G   0.03776   0.02182  0.002403   0.06198        73       640    0.8909    0.7894    0.8593     0.493   0.05577   0.04815  0.003905
   258/499     7.37G   0.03751   0.02128  0.002404   0.06119        79       640    0.8868    0.7922    0.8506    0.4726   0.05715   0.04813  0.003876
   259/499     7.37G   0.03848   0.02084  0.002679   0.06201       127       640    0.9227    0.7795    0.8531    0.4816   0.05641    0.0483  0.004612
   260/499     7.37G   0.03856   0.02029  0.002659   0.06151       147       640    0.8968     0.802    0.8558    0.5192   0.05507   0.04829  0.004502
   261/499     7.37G   0.03787    0.0215  0.002619   0.06199       123       640    0.8838    0.7994    0.8456    0.4832   0.05774   0.04764  0.004478
   262/499     7.37G   0.03747   0.02063  0.002444   0.06055       159       640    0.9046    0.8036    0.8667    0.4952   0.05536   0.04884  0.004133
   263/499     7.37G   0.03776   0.02026  0.002342   0.06036        70       640     0.895    0.8006    0.8599    0.4752   0.05686    0.0488  0.004123
   264/499     7.37G   0.03792   0.02014  0.002544    0.0606        51       640    0.8863    0.8254    0.8835    0.5006   0.05541    0.0489  0.003923
   265/499     7.37G    0.0367    0.0215  0.002316   0.06051       136       640    0.9216    0.7701    0.8563    0.4963   0.05532   0.04955  0.003682
   266/499     7.37G   0.03787   0.01943  0.002239   0.05954        68       640    0.9304    0.7494    0.8443    0.4773   0.05513   0.04997  0.003833
   267/499     7.37G   0.03726   0.02154  0.002598   0.06139       190       640    0.9106    0.7571    0.8414    0.4864   0.05564    0.0491  0.003871
   268/499     7.37G    0.0378    0.0211  0.002639   0.06154       116       640    0.9197    0.7718    0.8522    0.4842   0.05546   0.04894  0.003812
   269/499     7.37G    0.0379   0.02074  0.002547   0.06119        87       640    0.8646    0.8231    0.8655    0.5025   0.05487   0.04854  0.003891
   270/499     7.37G   0.03752   0.02083  0.002589   0.06093       106       640     0.888    0.8094    0.8622    0.4683   0.05577    0.0492  0.003838
   271/499     7.37G   0.03661   0.02032  0.002294   0.05923        46       640    0.8771    0.8024    0.8481    0.4568    0.0565   0.04918  0.003904
   272/499     7.37G    0.0372   0.02133  0.002235   0.06076       135       640    0.8778    0.7982    0.8561    0.4804   0.05553   0.04924  0.003892
   273/499     7.37G   0.03714    0.0206  0.002354   0.06009        79       640    0.9039    0.8076    0.8652    0.4823   0.05586   0.05003  0.004246
   274/499     7.37G   0.03734    0.0206  0.002392   0.06033        57       640    0.8881    0.7946    0.8601    0.4972   0.05527   0.04931  0.004331
   275/499     7.37G   0.03711   0.02108  0.002592   0.06078       161       640    0.8604    0.8095    0.8557    0.4986    0.0555   0.04891  0.004442
   276/499     7.37G   0.03698   0.02065  0.002524   0.06016        80       640    0.8872    0.7626    0.8457    0.4788   0.05475   0.04853  0.004681
   277/499     7.37G   0.03685   0.02133  0.002618    0.0608        91       640    0.8785     0.738    0.8365    0.4699   0.05492   0.04856   0.00456
   278/499     7.37G   0.03589      0.02  0.002311    0.0582        78       640    0.9078    0.7524    0.8417    0.4779   0.05552   0.04838  0.004649
   279/499     7.37G   0.03642   0.02046   0.00233   0.05921       140       640    0.9099    0.8062    0.8659     0.522   0.05388   0.04874  0.004206
   280/499     7.37G   0.03672   0.01955  0.002418   0.05868        62       640    0.9315    0.7371    0.8445    0.4699   0.05703   0.04859  0.003947
   281/499     7.37G   0.03599   0.02007  0.002342    0.0584       109       640    0.9488    0.6995    0.8419    0.4665    0.0552   0.04955  0.004145
   282/499     7.37G   0.03593   0.02129  0.002453   0.05968       109       640    0.8981    0.7888    0.8625     0.494   0.05472   0.04922  0.003854
   283/499     7.37G   0.03648   0.02032  0.002323   0.05913        92       640    0.9097    0.7706    0.8481    0.4976    0.0555   0.04817  0.003975
   284/499     7.37G   0.03633   0.01938  0.002284     0.058        93       640    0.8961    0.7825    0.8561    0.5183   0.05549   0.04703  0.004124
   285/499     7.37G   0.03642   0.02128  0.002265   0.05996        86       640    0.9074    0.8094    0.8688    0.4845   0.05664   0.04653  0.004096
   286/499     7.37G   0.03582   0.02102  0.002515   0.05935        85       640     0.907    0.7792    0.8522    0.4736   0.05691   0.04706  0.004012
   287/499     7.37G   0.03651   0.01968  0.002222   0.05842        87       640    0.9034    0.7966    0.8488    0.4884   0.05573   0.04871  0.004012
   288/499     7.37G   0.03686   0.02177  0.002528   0.06116        81       640    0.9106    0.8013    0.8737    0.5397   0.05278   0.04917  0.004219
   289/499     7.37G   0.03604   0.01918  0.002163   0.05738        78       640    0.9117    0.8077    0.8653    0.5248   0.05467   0.04954  0.003659
   290/499     7.37G   0.03625   0.01993  0.002525   0.05871        66       640    0.9278    0.7691      0.86    0.5075   0.05547   0.04892  0.003429
   291/499     7.37G   0.03524   0.02035  0.002211    0.0578        95       640    0.9436    0.7625     0.862     0.517   0.05491   0.04857  0.003504
   292/499     7.37G   0.03513   0.01936  0.002282   0.05677        92       640    0.9257    0.7781    0.8636    0.5134   0.05404   0.04938  0.003665
   293/499     7.37G   0.03584   0.02055  0.002242   0.05862       143       640    0.9216    0.7575    0.8563    0.5328     0.054   0.04877  0.003717
   294/499     7.37G   0.03674   0.02035  0.002337   0.05943       105       640    0.8911    0.7818    0.8442    0.5067   0.05562   0.04949   0.00414
   295/499     7.37G   0.03599   0.01957  0.002254   0.05782        77       640    0.9078     0.773    0.8481    0.5007   0.05625   0.04931   0.00391
   296/499     7.37G   0.03526   0.02019  0.002352   0.05781        72       640    0.9737     0.732    0.8602    0.5062   0.05472   0.04993  0.003782
   297/499     7.37G   0.03482   0.02054  0.002352   0.05772        63       640    0.9129    0.7622    0.8497    0.5098   0.05474   0.04982  0.003733
   298/499     7.37G   0.03547   0.01998   0.00246   0.05791       131       640    0.9075     0.778    0.8541    0.5054   0.05528   0.04967  0.004032
   299/499     7.37G    0.0354    0.0186   0.00238   0.05638        84       640    0.9223    0.7729    0.8619    0.5394     0.054   0.04901  0.004406
   300/499     7.37G    0.0365    0.0215  0.002639   0.06064       103       640    0.9238    0.7709    0.8696    0.5223   0.05496   0.04966   0.00448
   301/499     7.37G   0.03619   0.01992  0.002416   0.05853       118       640    0.8897    0.8147    0.8685    0.5148   0.05363   0.05014  0.004202
   302/499     7.37G   0.03575   0.02038  0.002425   0.05855        70       640    0.8819    0.8062    0.8495    0.4848   0.05553   0.04963  0.003674
   303/499     7.37G    0.0358    0.0196  0.002265   0.05767        46       640    0.9123    0.7764    0.8568    0.5197   0.05299   0.05026  0.003965
   304/499     7.37G   0.03548   0.01953  0.002162   0.05717        56       640    0.8968    0.8045    0.8773    0.5416   0.05357   0.04955  0.003876
   305/499     7.37G   0.03477   0.01974  0.002217   0.05673       108       640    0.9064     0.832    0.8815    0.5492     0.053   0.05077  0.003751
   306/499     7.37G   0.03563   0.01934  0.002213   0.05717        88       640    0.8915      0.81    0.8677    0.5277   0.05362    0.0511  0.004146
   307/499     7.37G   0.03561   0.02034  0.002241    0.0582       183       640    0.9332    0.7816     0.866    0.5199   0.05529   0.05029  0.004247
   308/499     7.37G   0.03554   0.01979  0.002121   0.05745        99       640    0.9316    0.7786    0.8705    0.5307   0.05442   0.05012  0.004432
   309/499     7.37G   0.03601   0.01899  0.002356   0.05736        42       640    0.9543    0.7539    0.8667    0.5442   0.05415   0.04976   0.00416
   310/499     7.37G   0.03525   0.01997  0.002312   0.05753        65       640    0.9284    0.7955    0.8881    0.5499   0.05257   0.05037  0.003779
   311/499     7.37G   0.03492   0.01986  0.002101   0.05688       115       640     0.917    0.7888    0.8774    0.5449   0.05287   0.04977  0.003608
   312/499     7.37G   0.03531   0.02063  0.002362    0.0583        86       640    0.9205    0.7752    0.8681    0.5277   0.05304   0.04983  0.003751
   313/499     7.37G   0.03572   0.01956  0.002416   0.05769        80       640    0.9003     0.777    0.8656    0.5091   0.05301   0.05044  0.003746
   314/499     7.37G   0.03469   0.01973  0.002075    0.0565       103       640    0.9199    0.7787    0.8598    0.4941   0.05467    0.0502  0.003545
   315/499     7.37G    0.0348   0.01915  0.002289   0.05624        25       640    0.9218    0.7938    0.8686    0.5352   0.05396    0.0503  0.003278
   316/499     7.37G   0.03556   0.02029  0.002333   0.05818        92       640    0.9203    0.8151     0.888    0.5574    0.0526   0.05044  0.003419
   317/499     7.37G   0.03549   0.01844  0.002217   0.05614       110       640     0.911    0.7999    0.8701    0.5347   0.05387   0.05069  0.004044
   318/499     7.37G   0.03504   0.01957  0.002124   0.05672        55       640    0.9006    0.7899    0.8716    0.5269   0.05304   0.05158  0.004212
   319/499     7.37G   0.03477   0.01987  0.002153    0.0568       138       640    0.9173    0.7844    0.8686    0.5295   0.05243   0.05166  0.003808
   320/499     7.37G   0.03489   0.02001  0.002169   0.05707        87       640    0.8739    0.8139    0.8716    0.5576   0.05193   0.05081  0.003619
   321/499     7.37G   0.03482   0.01869  0.002342   0.05586       113       640     0.956    0.7775    0.8741    0.5566   0.05175   0.05161  0.003608
   322/499     7.37G   0.03531   0.01987  0.002237   0.05742        90       640    0.9036    0.7755    0.8544    0.5119   0.05514   0.05038   0.00382
   323/499     7.37G   0.03442   0.01951  0.002092   0.05603        95       640    0.8913    0.8066    0.8763    0.5435    0.0526   0.05096   0.00393
   324/499     7.37G   0.03476   0.01957  0.002169    0.0565        88       640    0.9074    0.8136      0.88    0.5555   0.05304   0.05121  0.003721
   325/499     7.37G   0.03442   0.01911  0.002322   0.05585        41       640    0.9218    0.8035    0.8842     0.549   0.05222   0.05197  0.003683
   326/499     7.37G   0.03502   0.01912  0.002204   0.05634        98       640     0.937    0.7803    0.8795    0.5333   0.05096   0.05251   0.00359
   327/499     7.37G   0.03501   0.02013  0.002201   0.05733       108       640     0.887    0.8301    0.8846    0.5485   0.05075   0.05148  0.003203
   328/499     7.37G   0.03526   0.01905  0.002431   0.05674       117       640    0.9041    0.8055    0.8708    0.5184   0.05375    0.0512  0.003496
   329/499     7.37G   0.03446   0.01915  0.001957   0.05556       123       640    0.9002    0.8043    0.8685    0.5346   0.05448   0.05039  0.004013
   330/499     7.37G   0.03445   0.02055  0.002301    0.0573       149       640    0.9602    0.7699    0.8769    0.5357   0.05403   0.05103  0.003591
   331/499     7.37G   0.03422   0.02016  0.002052   0.05643        50       640    0.9583    0.7452    0.8674    0.5596   0.05298   0.05012  0.003543
   332/499     7.37G   0.03466   0.01975  0.002395    0.0568       108       640    0.9014    0.7952    0.8687    0.5799   0.05208    0.0511  0.003499
   333/499     7.37G   0.03492   0.02048  0.002098    0.0575       106       640    0.9052    0.7951    0.8635    0.5292   0.05376   0.05083  0.003567
   334/499     7.37G   0.03385   0.01999  0.002069   0.05591        66       640    0.9112    0.7877    0.8699    0.5451   0.05198   0.05035  0.003698
   335/499     7.37G   0.03383   0.01837  0.001959   0.05416        92       640    0.9338    0.7714    0.8769    0.5354   0.05315   0.05012  0.004103
   336/499     7.37G   0.03563   0.02024  0.002529    0.0584        90       640    0.9205    0.8095    0.8938    0.5616   0.05178   0.05073  0.003818
   337/499     7.37G   0.03411    0.0204   0.00247   0.05699        95       640    0.9049    0.7986    0.8803    0.5583   0.05177   0.05047  0.003876
   338/499     7.37G   0.03412   0.01956  0.002314   0.05599        53       640    0.9236    0.7834     0.879    0.5716   0.05218   0.04975  0.004054
   339/499     7.37G     0.034    0.0198  0.002228   0.05603        89       640    0.9389    0.7741    0.8764    0.5733   0.05201   0.05138  0.003869
   340/499     7.37G   0.03478   0.01947  0.002188   0.05644        89       640    0.9002    0.8018     0.865    0.5554   0.05157     0.052  0.004098
   341/499     7.37G   0.03296    0.0191  0.001918   0.05398        83       640    0.8816    0.8227    0.8745      0.56   0.05115   0.05197   0.00392
   342/499     7.37G    0.0332   0.01966    0.0021   0.05496       122       640    0.8914    0.8011    0.8686    0.5538   0.05224   0.05136  0.003641
   343/499     7.37G   0.03389   0.01962  0.002274   0.05579       147       640    0.8642    0.8167    0.8564    0.5274   0.05234   0.05124  0.003636
   344/499     7.37G   0.03377   0.01845  0.002064   0.05428       226       640    0.9249     0.787     0.867    0.5501    0.0515   0.05151  0.003499
   345/499     7.37G   0.03279   0.01927  0.002162   0.05421        84       640    0.9359    0.7771    0.8693    0.5527   0.05237   0.05095  0.003324
   346/499     7.37G    0.0338   0.01829  0.002149   0.05424        61       640    0.9143    0.8147    0.8811    0.5671   0.05176   0.05194  0.003395
   347/499     7.37G   0.03415   0.01981  0.002041     0.056       130       640    0.9077    0.7944    0.8707    0.5535   0.05219   0.05198  0.003625
   348/499     7.37G   0.03357   0.01927  0.002131   0.05498       118       640    0.8888    0.8276    0.8835    0.5754   0.05085   0.05147  0.003418
   349/499     7.37G   0.03461      0.02  0.002288    0.0569        69       640    0.9166    0.8031    0.8778    0.5751   0.05129   0.05149  0.003388
   350/499     7.37G   0.03367   0.01942  0.002179   0.05527        82       640    0.9339     0.759    0.8529    0.5383    0.0536   0.05094  0.003649
   351/499     7.37G    0.0337   0.01963  0.002158    0.0555        82       640    0.9221     0.797    0.8721     0.553   0.05265   0.05111  0.003355
   352/499     7.37G   0.03376   0.02004  0.002164   0.05596        63       640    0.9183    0.7892    0.8675    0.5464   0.05325   0.05003  0.003275
   353/499     7.37G   0.03369    0.0197  0.002162   0.05555       133       640     0.906    0.8035    0.8771    0.5615   0.05209   0.05064  0.003145
   354/499     7.37G   0.03274   0.01978  0.001981   0.05451       139       640    0.9255    0.8138     0.895    0.5747   0.05133   0.05069  0.003238
   355/499     7.37G   0.03268   0.01882  0.002021   0.05352        35       640    0.9127    0.8341    0.8957    0.6002   0.05014   0.05099   0.00327
   356/499     7.37G    0.0337    0.0196  0.002077   0.05538       103       640      0.91    0.8351    0.8963    0.5989   0.05071   0.05089  0.003295
   357/499     7.37G   0.03322   0.01905   0.00207   0.05433       142       640      0.93    0.8342    0.9039      0.59   0.05072   0.05153  0.003441
   358/499     7.37G   0.03348   0.01904  0.002142   0.05467        68       640    0.9565     0.797    0.8913     0.571   0.05159    0.0509  0.003382
   359/499     7.37G   0.03344   0.01894  0.001871   0.05426        64       640    0.9428    0.7822    0.8803    0.5407   0.05298   0.05077  0.003541
   360/499     7.37G   0.03369   0.01847  0.002044    0.0542       137       640    0.9359    0.7708    0.8714    0.5469   0.05309   0.05143  0.003395
   361/499     7.37G   0.03384   0.01953  0.002253   0.05563        99       640    0.9176    0.8011    0.8721    0.5666   0.05081   0.05211  0.003282
   362/499     7.37G   0.03358   0.01957  0.002134   0.05528       111       640    0.9388    0.7985    0.8886    0.5757   0.05044   0.05194  0.003378
   363/499     7.37G   0.03385   0.02035  0.002231   0.05643       110       640    0.9546    0.7967    0.8951    0.5823   0.05026   0.05159  0.003503
   364/499     7.37G   0.03272   0.01865  0.001905   0.05328        45       640     0.944    0.8131    0.8952    0.5864   0.04991   0.05162  0.003429
   365/499     7.37G   0.03267   0.01908  0.001815   0.05357       103       640    0.9128    0.8271    0.8996    0.5912   0.04908   0.05198  0.003378
   366/499     7.37G   0.03266   0.01909  0.002091   0.05384        84       640     0.942    0.8113    0.8926    0.5785   0.04939   0.05274  0.003415
   367/499     7.37G   0.03335   0.01925  0.002066   0.05466        74       640    0.9311    0.8179    0.8931    0.5717   0.04971   0.05274  0.003269
   368/499     7.37G   0.03263   0.01859  0.001924   0.05314       103       640    0.9317    0.8235    0.8919    0.5827   0.04992   0.05218  0.003524
   369/499     7.37G   0.03299   0.01876  0.002045   0.05379       102       640    0.9534    0.7946    0.8951    0.5932   0.04932     0.053  0.003438
   370/499     7.37G   0.03302   0.01866  0.001928   0.05361       140       640    0.9396    0.7966    0.8915    0.5904   0.04913   0.05335  0.003542
   371/499     7.37G   0.03338   0.01879   0.00232   0.05449        55       640    0.9453    0.7957     0.889     0.576   0.04988   0.05244  0.003698
   372/499     7.37G   0.03295   0.01859  0.002381   0.05392        47       640    0.9518    0.7906    0.8881     0.542   0.05117   0.05179  0.003712
   373/499     7.37G   0.03283   0.01977  0.002131   0.05473       106       640    0.9386    0.7963    0.8881    0.5616   0.04972   0.05282  0.003506
   374/499     7.37G   0.03261   0.01844  0.002053    0.0531        76       640    0.9386    0.7918    0.8799    0.5489   0.05052   0.05214   0.00324
   375/499     7.37G   0.03242   0.01906   0.00187   0.05335       143       640    0.9479     0.808    0.8908    0.5587   0.05089   0.05181  0.003235
   376/499     7.37G   0.03256    0.0194  0.002067   0.05403        96       640    0.9581    0.8007    0.8997    0.5936   0.04999   0.05157  0.003133
   377/499     7.37G   0.03254   0.01931  0.001924   0.05378        44       640    0.9458    0.8004     0.899    0.5892    0.0507   0.05118  0.003309
   378/499     7.37G   0.03345   0.01982  0.002013   0.05529        89       640      0.96    0.7819    0.8982    0.5765   0.05121   0.05084  0.003111
   379/499     7.37G   0.03365   0.01943  0.002285   0.05536        65       640    0.9524    0.7747    0.8951    0.5853   0.05037   0.05118  0.003243
   380/499     7.37G   0.03301   0.01924  0.002354    0.0546       112       640    0.9525     0.783    0.8913    0.5838   0.05005   0.05221  0.003258
   381/499     7.37G   0.03335   0.01962  0.002016   0.05498       156       640    0.9355    0.7954    0.8978    0.5898   0.04967   0.05239  0.003342
   382/499     7.37G   0.03235   0.01882  0.002017   0.05319        94       640    0.9402    0.7962    0.8962    0.6119   0.04917   0.05247  0.003415
   383/499     7.37G   0.03188    0.0187  0.001878   0.05246        71       640    0.9147    0.8089    0.8935    0.5939   0.04952   0.05221  0.003619
   384/499     7.37G   0.03208   0.01914  0.001866   0.05309       102       640    0.9442    0.7803     0.896    0.5907   0.04882   0.05276  0.003436
   385/499     7.37G   0.03277   0.01911  0.001958   0.05384        79       640    0.9348    0.7842    0.8946    0.5991   0.04897   0.05236  0.003172
   386/499     7.37G   0.03191   0.01888  0.001818   0.05261        98       640    0.9489    0.7776    0.8881    0.5893   0.04999   0.05178  0.003491
   387/499     7.37G   0.03265   0.01809   0.00202   0.05276        83       640    0.9204    0.8142    0.8967    0.5952   0.04888   0.05212  0.003443
   388/499     7.37G   0.03211   0.01888  0.002037   0.05303        95       640    0.9027     0.819    0.8939    0.5789   0.04917   0.05196  0.003272
   389/499     7.37G    0.0327   0.02031  0.001911   0.05493        79       640    0.8892    0.8224    0.8919    0.5597   0.05012   0.05179  0.003219
   390/499     7.37G   0.03284   0.01888  0.002105   0.05382        99       640    0.9167    0.7932    0.8905    0.5646   0.05039   0.05197  0.003281
   391/499     7.37G   0.03172   0.01902  0.001792   0.05253       176       640    0.9124     0.828    0.8976    0.5927   0.04907   0.05189  0.003276
   392/499     7.37G   0.03275   0.01789   0.00218   0.05283        89       640    0.9202    0.8187    0.8989    0.6098    0.0494   0.05223  0.003084
   393/499     7.37G   0.03169   0.01903   0.00185   0.05257        92       640    0.8996    0.8439    0.9005      0.59   0.05066   0.05194  0.002966
   394/499     7.37G   0.03228   0.01836  0.002035   0.05267        51       640    0.8725    0.8557    0.8985    0.5857   0.05105    0.0517  0.003003
   395/499     7.37G   0.03295   0.01962  0.002148   0.05471        73       640    0.8719    0.8566    0.8961    0.5867     0.051   0.05188  0.002953
   396/499     7.37G   0.03142   0.01825  0.001813   0.05148        75       640    0.8964    0.8507    0.8965    0.5907   0.05106   0.05171  0.002876
   397/499     7.37G   0.03195    0.0192  0.001968   0.05312        67       640    0.8689     0.839     0.891    0.5732   0.05055   0.05249  0.002874
   398/499     7.37G   0.03206   0.01933  0.001954   0.05335        66       640    0.8804    0.8312    0.8974    0.5688   0.05103   0.05215  0.002862
   399/499     7.37G   0.03201   0.01827  0.001907   0.05219        63       640    0.9278    0.7974    0.9009    0.5891   0.05011   0.05255  0.002922
   400/499     7.37G   0.03266   0.01875  0.002226   0.05364       115       640    0.9459    0.7979    0.9064    0.6004   0.04968   0.05333  0.002942
   401/499     7.37G   0.03202   0.01875  0.001979   0.05274       151       640    0.8814     0.852    0.9081    0.6016   0.04968   0.05255  0.003088
   402/499     7.37G   0.03239   0.01866  0.002186   0.05324        39       640    0.9441    0.7936     0.903    0.5945   0.04936   0.05276  0.003192
   403/499     7.37G   0.03233   0.01901   0.00186   0.05319       154       640    0.9053    0.8213    0.8966    0.5959   0.04964   0.05327  0.003152
   404/499     7.37G   0.03196   0.01804  0.001926   0.05193       146       640    0.8974    0.8314    0.8994    0.6043   0.04909   0.05255  0.002956
   405/499     7.37G   0.03102   0.01796  0.001887   0.05087        99       640    0.9362    0.8199    0.9035    0.6068   0.04893   0.05217  0.002872
   406/499     7.37G   0.03236   0.01811  0.001957   0.05242        99       640    0.9229    0.8252    0.8997    0.5953   0.04853   0.05285  0.003032
   407/499     7.37G   0.03146   0.01896  0.001864   0.05229        45       640    0.9063    0.8323    0.9006    0.5987   0.04817   0.05296  0.003116
   408/499     7.37G   0.03175   0.01939   0.00188   0.05302        66       640    0.9203    0.8299    0.9131    0.6032   0.04831   0.05321  0.003011
   409/499     7.37G   0.03216    0.0198  0.002043     0.054       113       640    0.9185    0.8313     0.906    0.5922   0.04862   0.05339   0.00309
   410/499     7.37G   0.03233   0.01877  0.001894   0.05299        97       640    0.9364     0.808    0.9004    0.5947   0.04915   0.05264  0.003034
   411/499     7.37G   0.03156   0.01772  0.001819    0.0511        61       640    0.9379    0.8168    0.9049    0.5875   0.04929   0.05252  0.002872
   412/499     7.37G   0.03145   0.01796  0.001771   0.05118        54       640    0.9288    0.8221    0.9016    0.5826    0.0497   0.05221  0.002833
   413/499     7.37G   0.03193   0.01907  0.001978   0.05297        69       640    0.9233    0.8245    0.9021    0.5954   0.04842   0.05248  0.002879
   414/499     7.37G    0.0319   0.01865  0.002016   0.05257       113       640    0.9208     0.824    0.9058    0.6027   0.04814   0.05232  0.003019
   415/499     7.37G   0.03235   0.01929  0.001984   0.05362       107       640    0.9008    0.8244    0.9044    0.5949   0.04883   0.05181  0.003064
   416/499     7.37G    0.0318   0.01784  0.001768   0.05141        99       640    0.9352    0.7892    0.8935    0.5932   0.04894   0.05151  0.003032
   417/499     7.37G   0.03184   0.01796  0.001716   0.05151        39       640     0.968    0.7756    0.8927    0.5978   0.04849   0.05186  0.003091
   418/499     7.37G    0.0326   0.01802  0.002131   0.05275        47       640    0.9248    0.8162    0.9028    0.5969   0.04846   0.05213   0.00311
   419/499     7.37G   0.03189   0.01824  0.001931   0.05206        88       640    0.9372    0.8012    0.8985    0.5968   0.04921   0.05173  0.003104
   420/499     7.37G   0.03229   0.01888  0.002052   0.05322       109       640    0.9219    0.8124    0.8969    0.6006   0.04895   0.05194  0.003225
   421/499     7.37G   0.03169   0.01866  0.001874   0.05223       103       640    0.8821    0.8422    0.9014    0.6078    0.0494    0.0518  0.003258
   422/499     7.37G   0.03097   0.01901  0.001889   0.05187        35       640    0.8734    0.8545    0.9057    0.6096   0.04918    0.0518  0.003287
   423/499     7.37G   0.03061   0.01857  0.002016   0.05119        79       640    0.9324    0.8159    0.9055    0.6271    0.0475   0.05247  0.003162
   424/499     7.37G   0.03135   0.01828  0.002046   0.05168        79       640    0.8921    0.8453    0.9007    0.6187   0.04858   0.05237  0.003019
   425/499     7.37G   0.03161   0.01828  0.001852   0.05174        73       640     0.947    0.7964    0.9011    0.6152   0.04891   0.05223  0.003094
   426/499     7.37G   0.03147   0.01887  0.001879   0.05223       136       640    0.9359    0.8113    0.8993    0.6051   0.04909   0.05219  0.003203
   427/499     7.37G   0.03095   0.01819  0.001779   0.05092       135       640    0.9052    0.8277    0.8978     0.607   0.04894   0.05211  0.003218
   428/499     7.37G   0.03068     0.019  0.001836   0.05152       142       640     0.954    0.7965    0.9011    0.6253   0.04813   0.05206  0.003122
   429/499     7.37G   0.03111   0.01879  0.002149   0.05205       129       640    0.9014     0.832    0.8994    0.6174   0.04876   0.05224  0.003114
   430/499     7.37G   0.03127   0.01838  0.001952    0.0516       104       640    0.8883    0.8435    0.8937    0.6036    0.0496   0.05238   0.00313
   431/499     7.37G   0.03095   0.01834  0.001785   0.05108        50       640    0.9447     0.788    0.8929    0.5869   0.05031   0.05231  0.003068
   432/499     7.37G   0.03109   0.01897  0.001825   0.05188       157       640     0.903    0.8302    0.8966    0.5912   0.04977   0.05209  0.002987
   433/499     7.37G    0.0307   0.01747  0.001783   0.04995        84       640    0.9174     0.824    0.8973    0.5822   0.04999    0.0518  0.003036
   434/499     7.37G   0.03104   0.01834  0.001943   0.05132        62       640    0.9322    0.8207    0.9022    0.5957   0.04925    0.0517  0.003139
   435/499     7.37G   0.03076   0.01862  0.001899   0.05127        61       640    0.9431    0.8218    0.9092    0.6061   0.04854   0.05206  0.003176
   436/499     7.37G   0.03103   0.01886   0.00168   0.05157       104       640    0.9219    0.8404    0.9051    0.5926   0.04893   0.05209  0.003234
   437/499     7.37G   0.03038   0.01781  0.001678   0.04987       111       640    0.9116    0.8446    0.9022    0.5974   0.04872   0.05193   0.00321
   438/499     7.37G   0.03161    0.0182  0.002004   0.05182        59       640    0.9316    0.8389     0.908    0.6056   0.04821   0.05211  0.003286
   439/499     7.37G   0.03125   0.01887  0.001977   0.05209       129       640    0.9253    0.8282    0.9082    0.6144   0.04817   0.05252  0.003299
   440/499     7.37G    0.0318   0.01894  0.001872   0.05261        83       640    0.8794    0.8599    0.9057    0.6049   0.04866   0.05256  0.003193
   441/499     7.37G   0.03062   0.01796  0.002017    0.0506       111       640    0.8957    0.8498    0.9085    0.6183   0.04797   0.05237  0.003084
   442/499     7.37G   0.03055   0.01793  0.001649   0.05013        85       640    0.9069     0.835    0.9103    0.6068   0.04857   0.05236  0.003034
   443/499     7.37G   0.03121   0.01823  0.001928   0.05137        92       640    0.9468    0.8082    0.9089    0.6047   0.04875   0.05292  0.002892
   444/499     7.37G   0.03193   0.01913  0.001934   0.05299        35       640    0.9622    0.8007    0.9111    0.6209   0.04789   0.05332  0.002883
   445/499     7.37G   0.03101   0.01875   0.00192   0.05168       167       640    0.9505    0.8033    0.9104    0.6228   0.04772   0.05329  0.002908
   446/499     7.37G   0.03162   0.01867  0.002015   0.05231       113       640    0.9753     0.787    0.9067    0.6081   0.04788   0.05298  0.002948
   447/499     7.37G   0.03088   0.01756  0.001705   0.05015        97       640    0.9748    0.7832    0.9017    0.5858   0.04854   0.05302  0.002894
   448/499     7.37G   0.03087   0.01869   0.00167   0.05123        68       640    0.9729    0.7822    0.9057    0.5866   0.04866   0.05292  0.002803
   449/499     7.37G   0.03106   0.01789  0.001814   0.05077       102       640    0.9345    0.7993    0.9018    0.5815   0.04875   0.05259  0.002743
   450/499     7.37G   0.03077   0.01755  0.001746   0.05007        89       640    0.9588    0.7814    0.9039    0.5962   0.04821   0.05252  0.002781
   451/499     7.37G   0.03115   0.01808  0.001864   0.05109        66       640    0.9402    0.7979    0.9005    0.6133   0.04786   0.05243  0.002864
   452/499     7.37G   0.03109   0.01938  0.001775   0.05224       178       640    0.9431    0.8037       0.9    0.6101   0.04771   0.05282   0.00293
   453/499     7.37G   0.03099   0.01811  0.001691   0.05079       111       640     0.961    0.7838     0.901    0.6078   0.04787   0.05268  0.003052
   454/499     7.37G   0.03068   0.01803   0.00196   0.05068        42       640    0.9811     0.779    0.9002    0.6132   0.04791   0.05196  0.003192
   455/499     7.37G   0.03122   0.01884  0.001955   0.05201       126       640    0.9589     0.803    0.9053    0.6207   0.04745    0.0521  0.003307
   456/499     7.37G   0.03155   0.01777  0.001739   0.05106       132       640    0.9546     0.813    0.9081    0.6225   0.04697   0.05299  0.003314
   457/499     7.37G   0.02999   0.01805  0.001779   0.04982        59       640    0.9507    0.8137    0.9076    0.6088   0.04734   0.05283   0.00322
   458/499     7.37G   0.03077   0.01764  0.001921   0.05033        77       640    0.9542    0.8081    0.9047    0.5961   0.04791   0.05296  0.003161
   459/499     7.37G   0.03047   0.01884  0.001982    0.0513        76       640     0.954    0.7738    0.8909    0.5852   0.04899   0.05243  0.003059
   460/499     7.37G   0.03008   0.01878  0.001668   0.05053       152       640    0.9558    0.7679     0.891    0.5944   0.04847   0.05247  0.003183
   461/499     7.37G   0.03022   0.01733  0.001509   0.04906        81       640    0.9227    0.7955    0.8943    0.5961   0.04839   0.05262   0.00332
   462/499     7.37G   0.03077   0.01935  0.002005   0.05212        51       640    0.8924    0.8197    0.8933    0.5968   0.04894   0.05234  0.003297
   463/499     7.37G   0.03097   0.01801  0.001893   0.05088       159       640    0.9695    0.7605     0.893     0.601   0.04839   0.05259  0.003239
   464/499     7.37G    0.0312    0.0188   0.00207   0.05207        78       640    0.9441    0.7986    0.9104    0.6108   0.04803    0.0528   0.00314
   465/499     7.37G   0.03066   0.01847  0.001964   0.05109        93       640    0.9449    0.8047    0.9091    0.6203   0.04766   0.05318  0.002977
   466/499     7.37G   0.03089   0.01902  0.001883   0.05179       142       640     0.937    0.8106    0.9082    0.6166    0.0479   0.05334  0.002957
   467/499     7.37G   0.03142   0.01826  0.001841   0.05152        26       640    0.9178    0.8236    0.9087     0.616   0.04768   0.05328  0.002944
   468/499     7.37G   0.03141   0.01781  0.001914   0.05113       150       640    0.9294    0.8055    0.9031    0.6118   0.04769   0.05348  0.003046
   469/499     7.37G   0.03056   0.01768  0.001638   0.04987        72       640    0.8871    0.8373    0.9005    0.6091   0.04799    0.0531  0.003131
   470/499     7.37G   0.03068   0.01923  0.002096     0.052       119       640     0.902    0.8386    0.9065    0.6129   0.04784   0.05339  0.003203
   471/499     7.37G   0.03099   0.01871  0.001815   0.05152       101       640    0.9055    0.8492    0.9134    0.6287   0.04709   0.05372  0.003118
   472/499     7.37G   0.03067    0.0171  0.001858   0.04962       109       640     0.956    0.7964    0.9071    0.6182   0.04769   0.05358  0.003082
   473/499     7.37G   0.03033   0.01895  0.001869   0.05115        69       640    0.9675    0.7879    0.9078    0.6186   0.04785   0.05321  0.003004
   474/499     7.37G   0.03093   0.01718  0.001915   0.05003        31       640    0.9412    0.8025     0.906    0.6116   0.04831   0.05316   0.00298
   475/499     7.37G   0.03072   0.01818   0.00196   0.05085       133       640    0.9451     0.807    0.9133     0.621   0.04802   0.05289  0.002923
   476/499     7.37G   0.03023   0.01747  0.001635   0.04933        73       640    0.9055    0.8418    0.9122    0.6219    0.0479   0.05298  0.002834
   477/499     7.37G   0.03059   0.01974  0.001728   0.05206        61       640    0.9332    0.8153    0.9092    0.6125   0.04855    0.0526  0.002941
   478/499     7.37G   0.03038   0.01851  0.001835   0.05073        65       640    0.9264    0.8263    0.9128    0.6127   0.04835   0.05268   0.00295
   479/499     7.37G   0.03138   0.01939  0.002113   0.05288        65       640    0.9368    0.8173    0.9106    0.6048   0.04855   0.05265  0.002894
   480/499     7.37G    0.0303   0.01825  0.001665   0.05022        86       640    0.8975    0.8233    0.9046     0.607   0.04843   0.05289  0.002908
   481/499     7.37G   0.03043   0.01899  0.001724   0.05115        91       640    0.9077    0.8154    0.9068    0.6145   0.04776   0.05319  0.002934
   482/499     7.37G   0.03034   0.01843   0.00214   0.05091        48       640    0.9042    0.8225    0.9129    0.6157   0.04693   0.05353  0.002909
   483/499     7.37G   0.03046   0.01861  0.001819   0.05089       121       640    0.8982    0.8275    0.9119    0.6118   0.04713   0.05369  0.002886
   484/499     7.37G   0.03041   0.01797  0.001826   0.05021        87       640    0.8982    0.8363    0.9114    0.6081   0.04746    0.0536  0.002817
   485/499     7.37G   0.03109   0.01806  0.001947    0.0511        71       640    0.8766    0.8472    0.9079    0.6094   0.04785   0.05353  0.002871
   486/499     7.37G   0.03145   0.01775  0.001899    0.0511        56       640     0.915    0.8215    0.9065    0.6115   0.04728    0.0538  0.003051
   487/499     7.37G   0.03156     0.019  0.001796   0.05235        90       640    0.8571    0.8673    0.9102    0.6163   0.04675   0.05401  0.003042
   488/499     7.37G   0.03095   0.01909  0.001632   0.05168       112       640    0.8917    0.8609    0.9194    0.6193   0.04649   0.05395  0.002996
   489/499     7.37G   0.02985   0.01768   0.00186   0.04939        76       640    0.9033    0.8496    0.9182    0.6201   0.04654   0.05393  0.002952
   490/499     7.37G   0.03057   0.01776  0.001785   0.05012        89       640    0.9607    0.7973    0.9122      0.63   0.04651   0.05373  0.002924
   491/499     7.37G   0.02993   0.01856  0.001885   0.05037        79       640    0.8948    0.8427    0.9123    0.6247    0.0466   0.05369  0.002919
   492/499     7.37G    0.0307   0.01799  0.001819   0.05051        54       640    0.8751    0.8484    0.9086    0.6358   0.04638   0.05415  0.002941
   493/499     7.37G   0.02997   0.01779  0.001698   0.04946        47       640    0.9374    0.8127    0.9126    0.6339   0.04655   0.05406  0.002999
   494/499     7.37G   0.03069   0.01833  0.001541   0.05056       130       640    0.9309    0.8366    0.9189    0.6394   0.04625   0.05388  0.003065
   495/499     7.37G   0.02984   0.01808  0.001682   0.04959       105       640    0.8991    0.8569    0.9172    0.6368   0.04641   0.05362  0.003026
   496/499     7.37G   0.03071   0.01787  0.001743   0.05033       208       640     0.961    0.7994    0.9156    0.6329   0.04639   0.05381  0.003108
   497/499     7.37G   0.02885   0.01779  0.001729   0.04837       149       640    0.9141    0.8424    0.9141    0.6334   0.04666   0.05367  0.003129
   498/499     7.37G   0.03009    0.0182  0.001806    0.0501        34       640    0.9368    0.8107    0.9083    0.6234   0.04712   0.05342  0.003074
   499/499     7.37G   0.03049   0.01827  0.001835    0.0506        87       640    0.9424    0.8061    0.9058    0.6219   0.04707    0.0538  0.003034
