     0/199     1.52G   0.07149   0.04842   0.03141    0.1513       156       640  0.002634   0.05441 0.0007198 0.0001389   0.09687    0.1244    0.0308
     1/199     1.58G   0.06723   0.05387   0.02831    0.1494       223       640  0.004829  0.006597 0.0008506 0.0001676   0.09523     0.127   0.02839
     2/199     1.58G    0.0654   0.05318   0.02503    0.1436       164       640    0.6001    0.0144  0.003853  0.000827    0.0909    0.1302   0.02608
     3/199     1.58G   0.06374   0.05454   0.02234    0.1406       179       640    0.7259   0.01977  0.003753 0.0009871   0.09517     0.122   0.02389
     4/199     1.58G   0.06226   0.05253   0.02007    0.1349       123       640    0.5954   0.07718   0.01328  0.003081   0.08688    0.1318   0.02185
     5/199     1.58G   0.06107   0.05356   0.01803    0.1327       107       640    0.6243    0.1028   0.02832  0.006534   0.08868    0.1224    0.0204
     6/199     1.58G   0.05906   0.05197   0.01598     0.127       116       640    0.6547   0.09119      0.06   0.01683   0.08354    0.1294   0.01987
     7/199     1.58G   0.05804   0.05291   0.01433    0.1253       204       640    0.6828    0.1188   0.09726   0.02967   0.08094    0.1324   0.01891
     8/199     1.59G   0.05715   0.05195   0.01292     0.122       204       640    0.8423     0.119    0.1281   0.03324   0.08094    0.1265    0.0161
     9/199     1.59G   0.05611   0.05238   0.01175    0.1203       186       640    0.7541    0.1704     0.149   0.03435   0.07959    0.1302   0.01413
    10/199     1.59G   0.05601   0.04893   0.01103     0.116        76       640    0.7249    0.1577    0.1123   0.02229   0.08223    0.1251   0.01443
    11/199     1.59G   0.05469   0.04968  0.009902    0.1143       145       640    0.8141    0.2084    0.2097   0.05788    0.0754    0.1309   0.01317
    12/199     1.59G   0.05434   0.04936  0.009112    0.1128       169       640    0.7803    0.2314    0.1927   0.04329   0.07698    0.1259   0.01184
    13/199     1.59G   0.05299   0.04759   0.00843     0.109       136       640    0.7279    0.2536    0.2343    0.0603   0.07643    0.1309   0.01184
    14/199     1.59G    0.0526   0.04609  0.007991    0.1067        38       640    0.6689    0.2002    0.1592   0.03039   0.08031    0.1308   0.01107
    15/199     1.59G    0.0517   0.04629  0.007427    0.1054        79       640    0.6944    0.2691    0.2399   0.05349    0.0758    0.1286   0.01064
    16/199     1.59G   0.05134   0.04311  0.006904    0.1014       131       640    0.7562    0.2545     0.272   0.07531    0.0732    0.1259   0.01093
    17/199     1.59G    0.0516   0.04305  0.006968    0.1016       154       640    0.7477    0.2987    0.2882   0.07775   0.07273    0.1298   0.01134
    18/199     1.59G   0.05027   0.04171  0.006376   0.09835        43       640    0.7775    0.2921    0.2996   0.09194    0.0722     0.129   0.01067
    19/199     1.59G   0.04907   0.04252  0.005946   0.09754        81       640    0.7382    0.2847    0.2639   0.06927   0.07283    0.1296   0.01021
    20/199     1.59G   0.04919   0.04103  0.005667   0.09589        88       640    0.7372     0.256    0.2653   0.07395   0.07278    0.1317   0.01088
    21/199     1.59G   0.04901   0.04245  0.005595   0.09705       134       640    0.7906    0.3008    0.2899   0.07433    0.0725    0.1326   0.01076
    22/199     1.59G   0.04851   0.04157  0.005423    0.0955        97       640    0.7758    0.3103    0.3019   0.08526   0.07215    0.1256   0.01079
    23/199     1.59G   0.04856   0.04127  0.005404   0.09524       243       640    0.7813    0.3052    0.2918   0.07079   0.07191    0.1352   0.01086
    24/199     1.59G   0.04822   0.04086  0.005048   0.09413       108       640    0.7674    0.2951    0.2951   0.09896   0.07034    0.1278   0.01054
    25/199     1.59G   0.04779   0.04051  0.004921   0.09322       109       640    0.7954    0.2901    0.2945   0.07577   0.07248    0.1302    0.0107
    26/199     1.59G   0.04697   0.03952  0.004668   0.09116       142       640    0.7609    0.3045    0.2908   0.08026   0.07169    0.1306  0.009971
    27/199     1.59G   0.04733    0.0391  0.004814   0.09125       152       640    0.7866    0.3017     0.297   0.08283   0.07052    0.1353  0.009909
    28/199     1.59G   0.04674   0.04104  0.004789   0.09257       130       640    0.7979    0.3072    0.3064   0.08353   0.07101    0.1344  0.009831
    29/199     1.59G   0.04618   0.04076  0.004347   0.09129        95       640    0.7741     0.305    0.3232   0.09887   0.06888    0.1343  0.009444
    30/199     1.59G   0.04569   0.03905  0.004395   0.08914       174       640    0.8355      0.32    0.3518    0.1023   0.07115    0.1311  0.009402
    31/199     1.59G   0.04626   0.03928  0.004233   0.08978       206       640    0.8362    0.3197    0.3581    0.1024   0.07038    0.1352    0.0107
    32/199     1.59G   0.04546   0.03741  0.004164   0.08703       197       640    0.8395     0.311    0.3506   0.09337   0.07135    0.1338  0.009593
    33/199     1.59G    0.0448    0.0372  0.003745   0.08575       121       640    0.7127    0.3424    0.3579    0.1231   0.06678    0.1358  0.009458
    34/199     1.59G   0.04513   0.03729  0.004094   0.08651       114       640     0.618     0.404    0.4612    0.1432   0.06756    0.1331  0.009733
    35/199     1.59G   0.04518    0.0399  0.004144   0.08923       181       640    0.8103    0.3903    0.4379    0.1317   0.06765    0.1345  0.009497
    36/199     1.59G   0.04462   0.03758  0.003831   0.08603        58       640    0.7713    0.3761    0.3823    0.1029   0.07003    0.1351  0.009011
    37/199     1.59G   0.04449   0.03714  0.003741   0.08537        91       640    0.7107    0.3921    0.3741    0.1081   0.07021    0.1312  0.009765
    38/199     1.59G   0.04378   0.03713  0.003755   0.08467       166       640    0.7829    0.4022     0.426    0.1256   0.06762    0.1351   0.01021
    39/199     1.59G   0.04401    0.0374  0.003643   0.08505       205       640    0.6771    0.3936    0.3637    0.1008   0.06973    0.1315  0.009551
    40/199     1.59G   0.04409   0.03829  0.003759   0.08615        69       640     0.784    0.3721    0.4084    0.1078   0.06968    0.1321  0.009622
    41/199     1.59G   0.04358   0.03806   0.00356    0.0852       169       640     0.697    0.4903    0.4696     0.126   0.06812    0.1343  0.008718
    42/199     1.59G   0.04331   0.03662   0.00341   0.08334        73       640    0.8473    0.3883    0.4331    0.1577   0.06502     0.139  0.009232
    43/199     1.59G   0.04335   0.03747  0.003386    0.0842       130       640    0.7863    0.4448    0.4448    0.1458   0.06588     0.132  0.008495
    44/199     1.59G    0.0432   0.03776   0.00364    0.0846       109       640    0.7115    0.3937    0.3699    0.1134    0.0679    0.1332  0.008214
    45/199     1.59G   0.04285   0.03842  0.003364   0.08463       118       640    0.7662    0.3985    0.4137    0.1194   0.06792    0.1339  0.008521
    46/199     1.59G   0.04262   0.03676  0.003353   0.08274       123       640    0.8063    0.4532    0.4651    0.1337    0.0678    0.1338  0.008179
    47/199     1.59G   0.04311   0.03643  0.003416   0.08296        56       640    0.8104    0.3982    0.4145    0.1198   0.06738    0.1387  0.008197
    48/199     1.59G   0.04241   0.03638  0.003168   0.08195       102       640    0.8508    0.4246    0.4398     0.111   0.06929    0.1339  0.008221
    49/199     1.59G   0.04256   0.03696  0.003331   0.08285        85       640    0.8231    0.4477    0.4524    0.1322   0.06676    0.1377  0.008485
    50/199     1.59G   0.04217   0.03691  0.003159   0.08224       180       640    0.8495    0.4639    0.4842    0.1609   0.06336    0.1426   0.00812
    51/199     1.59G   0.04243   0.03695  0.003256   0.08263       143       640    0.8112    0.4586    0.4631    0.1489   0.06513    0.1387  0.008007
    52/199     1.59G   0.04231   0.03669  0.003152   0.08215       101       640    0.7577    0.4574    0.4321    0.1376   0.06579    0.1388  0.008352
    53/199     1.59G    0.0419   0.03526  0.003069   0.08023        48       640    0.8218    0.4618    0.4709    0.1625   0.06298    0.1414  0.008036
    54/199     1.59G   0.04156   0.03601  0.003032    0.0806       213       640    0.8249    0.4513    0.4642    0.1685   0.06339    0.1413  0.008332
    55/199     1.59G   0.04172    0.0359   0.00309   0.08071       224       640    0.7788    0.5336     0.522    0.1868   0.06296    0.1395  0.008818
    56/199     1.59G    0.0413   0.03614  0.003062   0.08051       229       640     0.762    0.4727    0.4575     0.154   0.06429    0.1401  0.007602
    57/199     1.59G   0.04125   0.03737  0.003017   0.08164       122       640     0.659    0.4616    0.4529    0.1506   0.06533    0.1376  0.008058
    58/199     1.59G   0.04111   0.03553  0.002979   0.07962       152       640    0.7635     0.414    0.4061    0.1405   0.06392    0.1389  0.007795
    59/199     1.59G   0.04093   0.03534  0.002958   0.07923        97       640    0.7717    0.4307    0.4273    0.1557   0.06362    0.1438  0.007517
    60/199     1.59G   0.04056   0.03554  0.002777   0.07888        96       640    0.6786    0.5542    0.5157    0.1839   0.06271    0.1399    0.0087
    61/199     1.59G   0.04064   0.03547  0.002776   0.07888       254       640    0.6922    0.4727    0.4895    0.1738   0.06254    0.1414  0.008064
    62/199     1.59G   0.04104    0.0359  0.002865   0.07981       144       640    0.7718    0.5441    0.5447    0.2043   0.06016    0.1412  0.007574
    63/199     1.59G   0.04065   0.03492  0.002894   0.07846       144       640     0.656    0.5757    0.5328    0.2017   0.06181    0.1402  0.007558
    64/199     1.59G   0.04079    0.0361  0.002875   0.07976       134       640    0.8417    0.5031    0.5332    0.1984   0.06256     0.138  0.008261
    65/199     1.59G    0.0409   0.03621  0.002989    0.0801       199       640    0.7578    0.5211    0.5306    0.2008   0.06228    0.1372  0.007676
    66/199     1.59G   0.04058    0.0359  0.002996   0.07947       110       640    0.6649    0.5496    0.5146     0.178   0.06313    0.1451  0.008107
    67/199     1.59G   0.04067   0.03428  0.002849    0.0778       117       640    0.8522     0.566    0.5913    0.2183   0.06145    0.1405  0.007546
    68/199     1.59G   0.04026   0.03537  0.002871    0.0785       129       640    0.9058    0.5542    0.6086    0.2411   0.05977     0.139  0.007313
    69/199     1.59G   0.03973   0.03535  0.002649   0.07772       117       640    0.9001    0.5207    0.5726    0.1874   0.06244    0.1418  0.007418
    70/199     1.59G   0.03994   0.03429  0.002637   0.07687        74       640    0.7997    0.5708    0.5533    0.1809   0.06265    0.1444  0.007651
    71/199     1.59G   0.04011   0.03559  0.002763   0.07846        93       640    0.8571    0.5546    0.5944     0.206   0.06195    0.1415  0.007263
    72/199     1.59G   0.03992   0.03526  0.002851   0.07802       200       640    0.7322    0.5446    0.5172    0.1904   0.06094    0.1457  0.007504
    73/199     1.59G   0.04045   0.03625  0.002869   0.07957       152       640    0.8551    0.4918    0.5037    0.1849   0.06233     0.145  0.007725
    74/199     1.59G   0.04013   0.03424  0.002582   0.07695       202       640    0.8755    0.5042    0.5371    0.1965   0.06131    0.1412   0.00707
    75/199     1.59G   0.03974   0.03453  0.002674   0.07695       216       640    0.8575    0.5235    0.5759    0.2255   0.06082    0.1455  0.007218
    76/199     1.59G   0.03969   0.03457  0.002575   0.07684       112       640    0.8255    0.4968    0.5061    0.1947   0.06045    0.1449   0.00771
    77/199     1.59G    0.0393   0.03435  0.002492   0.07615       196       640    0.8186    0.5293    0.5537    0.2218   0.05871    0.1466  0.007504
    78/199     1.59G   0.03964   0.03517  0.002522   0.07733       260       640    0.7592    0.5939    0.5842    0.2102   0.05973    0.1433  0.007847
    79/199     1.59G   0.03919   0.03379  0.002405   0.07538        51       640    0.8943    0.5738    0.6049    0.2132   0.06083    0.1443   0.00773
    80/199     1.59G   0.03947   0.03399  0.002588   0.07606       104       640    0.7508    0.5242    0.5469    0.1827   0.06202    0.1437  0.007507
    81/199     1.59G   0.03974   0.03489  0.002639   0.07726       121       640    0.8675     0.605    0.6206     0.239   0.05933    0.1445   0.00767
    82/199     1.59G   0.03947   0.03482  0.002496   0.07678       140       640    0.8423    0.5304    0.5305    0.2074   0.05996    0.1464  0.007327
    83/199     1.59G   0.03966   0.03418  0.002558    0.0764        73       640    0.8607    0.5481    0.5876    0.2191   0.05998    0.1427  0.007474
    84/199     1.59G   0.03908   0.03418  0.002539   0.07579       119       640    0.8081    0.5801    0.5791    0.2229   0.06026    0.1471  0.007462
    85/199     1.59G   0.03867   0.03369  0.002428   0.07478        93       640    0.8471    0.5529    0.5833    0.2207    0.0605    0.1488  0.007713
    86/199     1.59G    0.0388   0.03409  0.002527   0.07542        78       640    0.8657    0.5756    0.5883    0.2273   0.05889    0.1463  0.007639
    87/199     1.59G   0.03871   0.03367  0.002507   0.07488        98       640    0.7473    0.5813    0.5664    0.2176    0.0606    0.1421  0.007677
    88/199     1.59G   0.03824   0.03466  0.002439   0.07535       110       640    0.8899    0.5278    0.5771    0.2317    0.0582    0.1499  0.007438
    89/199     1.59G   0.03826   0.03497  0.002486   0.07571       147       640    0.8106     0.557    0.5532    0.2184   0.06024     0.147  0.007682
    90/199     1.59G   0.03869   0.03415  0.002489   0.07532       104       640    0.8391     0.576    0.5834    0.2391   0.05853    0.1471  0.007114
    91/199     1.59G   0.03892   0.03341  0.002557   0.07489       199       640    0.8713    0.5555     0.568    0.2158   0.06127    0.1451  0.007496
    92/199     1.59G   0.03857   0.03374   0.00246   0.07477        66       640    0.8931    0.5742    0.5931    0.2494   0.05871    0.1426  0.007022
    93/199     1.59G   0.03845   0.03524  0.002518   0.07621        89       640    0.7365    0.5389    0.5575    0.2232   0.06088    0.1472  0.007293
    94/199     1.59G   0.03829   0.03338  0.002537   0.07421       213       640    0.8552    0.5914    0.6022    0.2229   0.06048    0.1486  0.007439
    95/199     1.59G     0.039    0.0343   0.00256   0.07585        96       640    0.8505    0.6082    0.6268     0.266   0.05933    0.1453  0.007165
    96/199     1.59G   0.03811   0.03318  0.002333   0.07363       131       640    0.8441    0.5977    0.5959    0.2315   0.06071    0.1513  0.007649
    97/199     1.59G   0.03837   0.03362  0.002439   0.07443       196       640    0.8596    0.5882    0.6033    0.2309   0.05913    0.1492  0.007361
    98/199     1.59G   0.03816   0.03364  0.002431   0.07423        68       640    0.8857    0.5772    0.6092    0.2435    0.0591    0.1502  0.007673
    99/199     1.59G   0.03805   0.03302  0.002434    0.0735       180       640    0.8393    0.5984    0.6064    0.2468   0.05902    0.1487   0.00737
   100/199     1.59G   0.03774    0.0345   0.00238   0.07463       106       640    0.8708    0.6229    0.6211    0.2426   0.05825    0.1498   0.00762
   101/199     1.59G   0.03732   0.03348  0.002292   0.07309       169       640    0.8584    0.5935    0.6177    0.2532   0.05827    0.1511  0.007464
   102/199     1.59G   0.03832   0.03356  0.002417    0.0743       168       640    0.8166    0.6241    0.6047    0.2424   0.05811    0.1484  0.007134
   103/199     1.59G   0.03784   0.03332  0.002361   0.07352       221       640     0.795    0.6093    0.5967    0.2367   0.05884    0.1507  0.007537
   104/199     1.59G   0.03818   0.03428   0.00244    0.0749       177       640    0.9008    0.5864     0.622    0.2772   0.05762    0.1504  0.007233
   105/199     1.59G   0.03774   0.03397  0.002359   0.07407       144       640     0.783     0.618    0.6025     0.259   0.05791    0.1514  0.007402
   106/199     1.59G   0.03768   0.03244  0.002435   0.07255       116       640    0.7728     0.613    0.5889    0.2551    0.0593    0.1488  0.007228
   107/199     1.59G   0.03763   0.03356  0.002305    0.0735       105       640    0.9188    0.6031    0.6346    0.2757   0.05761    0.1512  0.007005
   108/199     1.59G    0.0372   0.03219  0.002135   0.07152        92       640    0.9073    0.5917    0.6277     0.263    0.0578    0.1494  0.006874
   109/199     1.59G   0.03711   0.03296  0.002249   0.07232       123       640     0.853    0.6162    0.6259    0.2707   0.05791    0.1483  0.007241
   110/199     1.59G   0.03765    0.0323  0.002284   0.07224       244       640    0.8221    0.5976     0.596    0.2467   0.05853    0.1544  0.007194
   111/199     1.59G   0.03758   0.03379  0.002262   0.07363        69       640    0.8687    0.5896    0.6169    0.2548   0.05773    0.1507  0.007106
   112/199     1.59G   0.03694   0.03291  0.002036   0.07189        75       640    0.9103    0.5956      0.64    0.2807   0.05632    0.1525  0.006909
   113/199     1.59G   0.03738   0.03349  0.002288   0.07316       129       640    0.8885     0.588    0.6262    0.2761   0.05726     0.151  0.007537
   114/199     1.59G   0.03691   0.03293  0.002127   0.07197       176       640    0.8399     0.593    0.6066    0.2554   0.05844    0.1522  0.007197
   115/199     1.59G    0.0375   0.03387  0.002301   0.07367       157       640    0.9248    0.5964    0.6481    0.2863   0.05588    0.1522  0.006825
   116/199     1.59G   0.03717     0.032  0.002165   0.07134        67       640    0.8875    0.5957    0.6324    0.2762   0.05695     0.152  0.007259
   117/199     1.59G   0.03749   0.03304  0.002251   0.07278       132       640    0.9097    0.6101    0.6283     0.257   0.05674    0.1507  0.007075
   118/199     1.59G   0.03724   0.03311  0.002222   0.07257        97       640      0.87    0.5993    0.6249    0.2735    0.0572    0.1513  0.006788
   119/199     1.59G   0.03686   0.03304  0.002238   0.07215       123       640    0.9139    0.6065    0.6315    0.2767   0.05651    0.1531  0.007245
   120/199     1.59G   0.03716   0.03396  0.002257   0.07338       197       640    0.9096    0.5925    0.6336    0.2729   0.05606    0.1547   0.00711
   121/199     1.59G   0.03703   0.03276   0.00218   0.07197        86       640    0.9167    0.6062    0.6495    0.2856   0.05676    0.1537  0.007182
   122/199     1.59G   0.03682   0.03341  0.002139   0.07236       108       640    0.9146    0.6099    0.6305     0.273   0.05603    0.1529  0.006737
   123/199     1.59G   0.03632   0.03223  0.002018   0.07057       148       640    0.9037    0.5968    0.6425    0.2686   0.05657    0.1534  0.007219
   124/199     1.59G   0.03654   0.03224  0.002193   0.07098        87       640    0.9199    0.6147    0.6427    0.2855   0.05579    0.1512   0.00721
   125/199     1.59G    0.0369    0.0332  0.002256   0.07236       178       640    0.9223    0.6054    0.6373    0.2656   0.05613    0.1545  0.007057
   126/199     1.59G     0.037   0.03307  0.002243   0.07231       127       640    0.8803    0.6024    0.6272    0.2482   0.05691    0.1553  0.007261
   127/199     1.59G   0.03713   0.03603  0.002366   0.07553       224       640    0.8708    0.6139    0.6368    0.2635   0.05674    0.1543  0.007425
   128/199     1.59G   0.03667   0.03233  0.002048   0.07104       165       640    0.9292    0.5757    0.6226    0.2583   0.05662     0.155  0.007252
   129/199     1.59G   0.03684    0.0323  0.002202   0.07135       127       640    0.8661    0.6209    0.6465    0.2842   0.05541    0.1558  0.006812
   130/199     1.59G   0.03661   0.03281  0.002089    0.0715        67       640    0.9034    0.6232    0.6537    0.2852   0.05581    0.1558  0.007041
   131/199     1.59G     0.036   0.03142   0.00196   0.06938       160       640    0.8927    0.6021    0.6352    0.2645    0.0567    0.1548  0.007007
   132/199     1.59G   0.03667   0.03189  0.002121   0.07068       112       640    0.9298    0.6119    0.6566    0.2839   0.05506    0.1569  0.006889
   133/199     1.59G   0.03682   0.03248  0.002157   0.07145       205       640    0.8748    0.6255    0.6486    0.2812   0.05609    0.1558  0.006875
   134/199     1.59G   0.03602   0.03229  0.002018   0.07033       155       640    0.8698    0.6156    0.6512     0.283   0.05556    0.1578   0.00672
   135/199     1.59G   0.03633   0.03141  0.002001   0.06974        65       640    0.7863    0.6902    0.6607     0.278   0.05523     0.157  0.007132
   136/199     1.59G   0.03637   0.03308  0.002123   0.07158        85       640    0.8173    0.6367    0.6311     0.276   0.05612    0.1581  0.006946
   137/199     1.59G   0.03679   0.03257  0.002156   0.07151       176       640    0.9237    0.6221    0.6465    0.2961   0.05476    0.1545  0.006456
   138/199     1.59G   0.03626    0.0318  0.002121   0.07018        70       640    0.8876    0.6101    0.6462    0.2996   0.05445    0.1562   0.00651
   139/199     1.59G   0.03635   0.03304  0.002104   0.07149       124       640    0.9193    0.6144    0.6454     0.277   0.05521     0.155  0.006804
   140/199     1.59G   0.03656   0.03314  0.002172   0.07187        94       640     0.894    0.6078     0.641    0.2835    0.0549    0.1552  0.006618
   141/199     1.59G   0.03605    0.0329  0.002081   0.07103       155       640    0.9236    0.6131    0.6567    0.2931   0.05527     0.154  0.006748
   142/199     1.59G   0.03627   0.03302  0.002169   0.07145       177       640    0.9129    0.6161    0.6431    0.2935    0.0552    0.1552  0.006721
   143/199     1.59G   0.03586   0.03253  0.001959   0.07035        95       640    0.9168    0.6088    0.6452    0.2968   0.05503    0.1567  0.006653
   144/199     1.59G   0.03604   0.03331   0.00213   0.07148       185       640    0.9119    0.6056    0.6483    0.2876   0.05492     0.156  0.006828
   145/199     1.59G   0.03575   0.03286  0.002006   0.07062       150       640    0.9182    0.6098     0.658    0.3026   0.05442    0.1581  0.006824
   146/199     1.59G   0.03561   0.03269  0.002059   0.07036       120       640    0.9194    0.6137    0.6481    0.3089   0.05434    0.1572  0.006823
   147/199     1.59G   0.03613    0.0325  0.002108   0.07074       106       640    0.8287    0.6261    0.6317    0.2971   0.05564    0.1561  0.006817
   148/199     1.59G   0.03631   0.03192     0.002   0.07023       111       640    0.9424    0.6044    0.6455    0.2983   0.05454    0.1565  0.006954
   149/199     1.59G   0.03556   0.03212  0.001954   0.06964        95       640    0.9032    0.6061    0.6538    0.2982   0.05515    0.1554  0.006994
   150/199     1.59G   0.03528   0.03162   0.00208   0.06898       107       640    0.9271    0.6112    0.6494    0.2933   0.05418    0.1582  0.006972
   151/199     1.59G   0.03583   0.03256  0.002097   0.07049       131       640    0.9055    0.6153    0.6509    0.2936   0.05429    0.1579  0.006795
   152/199     1.59G    0.0356    0.0321  0.001926   0.06963       124       640    0.9079     0.604    0.6438    0.2963    0.0551    0.1554  0.006732
   153/199     1.59G   0.03618   0.03274  0.002171    0.0711       120       640    0.8894    0.6108    0.6378     0.304    0.0549    0.1592  0.006834
   154/199     1.59G   0.03561   0.03141  0.002062   0.06908        80       640    0.8958    0.6116    0.6501    0.3033   0.05554    0.1574  0.006732
   155/199     1.59G   0.03535   0.03208  0.002064   0.06949        68       640    0.9022    0.6433    0.6581    0.3074   0.05467    0.1569  0.006683
   156/199     1.59G   0.03562   0.03176  0.001966   0.06935       105       640    0.8963    0.6165    0.6441    0.3007   0.05506    0.1567  0.006814
   157/199     1.59G   0.03577   0.03126  0.001911   0.06894       172       640    0.8999    0.6125     0.653    0.2994   0.05473     0.156  0.006778
   158/199     1.59G   0.03506   0.03105  0.001998    0.0681       114       640    0.9109    0.6145    0.6479    0.2982   0.05479     0.156  0.006682
   159/199     1.59G    0.0352   0.03301   0.00206   0.07027        63       640    0.9093    0.6146    0.6497    0.3026   0.05462    0.1586  0.006816
   160/199     1.59G   0.03544   0.03163  0.001941   0.06901       180       640    0.8983     0.617    0.6462    0.3009   0.05523    0.1565  0.006733
   161/199     1.59G   0.03519   0.03218  0.001877   0.06926       220       640    0.8946    0.6182    0.6597    0.3069    0.0549    0.1551  0.006726
   162/199     1.59G   0.03523   0.03206  0.001985   0.06928       160       640    0.9082    0.6117    0.6585    0.3098    0.0549     0.155  0.006677
   163/199     1.59G   0.03531   0.03174   0.00197   0.06902        89       640    0.9185    0.6069    0.6565    0.3088   0.05444     0.157  0.006722
   164/199     1.59G   0.03528   0.03228  0.001954   0.06952        45       640    0.9165    0.6168    0.6658    0.3104   0.05462    0.1563   0.00686
   165/199     1.59G   0.03497   0.03151  0.001997   0.06848        80       640    0.9081     0.615    0.6532    0.3091   0.05458    0.1563  0.006786
   166/199     1.59G   0.03533   0.03258  0.001947   0.06986       115       640     0.933    0.6105     0.657     0.309   0.05404    0.1588  0.006972
   167/199     1.59G   0.03506   0.03214  0.001988   0.06919        98       640    0.9127    0.6191     0.657    0.3095   0.05442    0.1573  0.006631
   168/199     1.59G   0.03485   0.03025  0.001961   0.06706        87       640    0.9061    0.6075    0.6524    0.3034   0.05464    0.1591  0.006853
   169/199     1.59G   0.03464   0.03103  0.001782   0.06745       146       640    0.9077    0.6031    0.6411    0.3019   0.05507    0.1593  0.006796
   170/199     1.59G   0.03516   0.03123  0.001935   0.06832       124       640    0.9243     0.604    0.6534    0.3095   0.05452    0.1573  0.006864
   171/199     1.59G   0.03507   0.03146   0.00203   0.06856        78       640    0.9149    0.6042    0.6523    0.3091   0.05404    0.1581  0.006835
   172/199     1.59G   0.03519   0.03152   0.00207   0.06878        98       640    0.9201     0.601    0.6498    0.3045   0.05486    0.1583  0.007077
   173/199     1.59G   0.03525   0.03216  0.001977   0.06938        66       640    0.9164    0.6083    0.6589    0.3095   0.05429    0.1585  0.006967
   174/199     1.59G   0.03522    0.0313  0.002021   0.06854       101       640    0.8976    0.6425    0.6677    0.3148   0.05403    0.1572  0.006906
   175/199     1.59G   0.03538   0.03193  0.002018   0.06933       120       640    0.8892    0.6504     0.665    0.3112   0.05399     0.158   0.00696
   176/199     1.59G   0.03507   0.03168  0.002008   0.06876       109       640    0.8359    0.6593    0.6596    0.3062   0.05421    0.1597  0.006696
   177/199     1.59G   0.03476   0.03181  0.001868   0.06844       147       640    0.9243    0.6124    0.6536     0.312   0.05417    0.1577  0.006649
   178/199     1.59G    0.0352   0.03048  0.001925    0.0676       305       640    0.8876     0.614    0.6572    0.3146   0.05468    0.1577   0.00676
   179/199     1.59G   0.03478   0.03255  0.001899   0.06923        89       640    0.9003    0.6481    0.6708    0.3212   0.05439    0.1579   0.00673
   180/199     1.59G   0.03522   0.03208  0.002055   0.06935        83       640    0.9131    0.6028    0.6518    0.3134   0.05454    0.1593  0.006967
   181/199     1.59G   0.03472   0.03078  0.001972   0.06747       101       640    0.8194    0.6792    0.6596    0.3165   0.05423    0.1584  0.006828
   182/199     1.59G   0.03501   0.03181  0.002031   0.06885       136       640    0.8266    0.6527    0.6561    0.3152   0.05473    0.1575  0.006829
   183/199     1.59G   0.03483   0.03094  0.001898   0.06767       148       640    0.9203    0.5957    0.6525    0.3093   0.05497    0.1581  0.006994
   184/199     1.59G   0.03463   0.03179  0.001856   0.06828        69       640    0.8589    0.6531    0.6634    0.3171   0.05446    0.1582  0.006963
   185/199     1.59G    0.0348   0.03204   0.00191   0.06875       115       640    0.9031    0.6455    0.6724    0.3203   0.05443    0.1568  0.006938
   186/199     1.59G   0.03444    0.0302   0.00182   0.06645       144       640    0.8099    0.6833    0.6615    0.3115   0.05491    0.1575  0.006853
   187/199     1.59G   0.03477     0.031  0.001899   0.06767       113       640    0.8128    0.6809    0.6623    0.3118   0.05448    0.1593  0.006808
   188/199     1.59G   0.03489   0.03172  0.001889   0.06849       171       640    0.9365    0.5983    0.6719    0.3183    0.0538    0.1595  0.006667
   189/199     1.59G   0.03495   0.03147  0.001921   0.06834       127       640    0.9188    0.6122    0.6682    0.3156    0.0534    0.1584  0.006709
   190/199     1.59G   0.03475   0.03219  0.001886   0.06883       162       640      0.85    0.6601    0.6678     0.319   0.05369    0.1588  0.006735
   191/199     1.59G   0.03484    0.0308  0.001957   0.06759       136       640    0.9089    0.6532    0.6744    0.3228   0.05335     0.159  0.006856
   192/199     1.59G    0.0351   0.03249  0.001971   0.06956       116       640    0.8972    0.6552    0.6712    0.3234   0.05348    0.1603   0.00693
   193/199     1.59G   0.03494   0.03138  0.001959   0.06828       276       640    0.9055    0.6495    0.6768    0.3313   0.05345    0.1588  0.006864
   194/199     1.59G   0.03471   0.03079     0.002    0.0675       129       640    0.9402    0.5972    0.6611    0.3155   0.05376    0.1577  0.006722
   195/199     1.59G   0.03498   0.03093  0.001968   0.06787        93       640    0.9017     0.643    0.6738    0.3161   0.05461    0.1574  0.006918
   196/199     1.59G   0.03459   0.03097  0.001913   0.06747       139       640    0.9205    0.6404    0.6752    0.3174   0.05368    0.1581  0.006796
   197/199     1.59G   0.03443    0.0311  0.001872    0.0674        64       640    0.9239    0.6367     0.672    0.3111   0.05395     0.158  0.006621
   198/199     1.59G   0.03431   0.03051  0.001917   0.06674       168       640    0.8934      0.65     0.676    0.3213   0.05406    0.1593  0.006833
   199/199     1.59G   0.03475   0.03197  0.001858   0.06858       103       640    0.9145    0.6434     0.678    0.3222   0.05393    0.1592  0.006848
