2 0.626218 0.216089 0.096591 0.432178
0 0.422484 0.494949 0.034903 0.171717
0 0.519075 0.688312 0.073864 0.099567
0 0.552760 0.938312 0.180195 0.123376
0 0.130276 0.542569 0.091721 0.105339
0 0.036120 0.604618 0.033279 0.070707
0 0.014205 0.685426 0.028409 0.082251
0 0.020292 0.799423 0.040584 0.073593
3 0.442821 0.380952 0.015332 0.038961
1 0.353490 0.831890 0.078734 0.173160
1 0.456575 0.752525 0.030032 0.043290
1 0.651380 0.787879 0.043019 0.053391
1 0.235795 0.753247 0.070617 0.073593
1 0.241071 0.116883 0.107143 0.212121