3 0.454140 0.189033 0.033279 0.044733
3 0.606331 0.317460 0.025974 0.044733
3 0.620130 0.337662 0.024351 0.044733
3 0.645698 0.380952 0.023539 0.038961
1 0.366883 0.368687 0.125000 0.181818
1 0.204545 0.696248 0.095779 0.282828
1 0.089286 0.903319 0.081169 0.171717
1 0.274351 0.629870 0.118506 0.268398
1 0.798701 0.681818 0.048701 0.083694
1 0.950487 0.116162 0.099026 0.184704
1 0.952110 0.394661 0.053571 0.049062
0 0.764205 0.377345 0.241071 0.404040
0 0.956981 0.536075 0.084416 0.164502
2 0.515828 0.349928 0.059253 0.095238
2 0.651380 0.093795 0.062500 0.090909