0 0.812500 0.617117 0.260135 0.468468
1 0.443412 0.171171 0.116554 0.201201
1 0.053209 0.882132 0.106418 0.235736
1 0.157939 0.257439 0.103041 0.121485
1 0.251689 0.283257 0.121622 0.263211
1 0.016047 0.506006 0.032094 0.144144
2 0.580893 0.341175 0.087275 0.053387
2 0.800770 0.284451 0.079393 0.066733
3 0.519481 0.121343 0.030992 0.044602
3 0.687352 0.536534 0.027302 0.043290
3 0.679604 0.467008 0.032468 0.032795
3 0.677022 0.430277 0.031730 0.038043
1 0.016234 0.270891 0.032468 0.191526
1 0.967938 0.945166 0.054383 0.082251