2 0.664367 0.094517 0.070617 0.080808
2 0.520292 0.341270 0.053571 0.089466
0 0.775974 0.381674 0.240260 0.409812
0 0.959416 0.577201 0.076299 0.163059
3 0.455357 0.182540 0.029221 0.040404
3 0.614448 0.320346 0.024351 0.038961
3 0.626623 0.344877 0.024351 0.041847
3 0.650974 0.388889 0.025974 0.037518
1 0.368506 0.350649 0.112013 0.168831
1 0.264205 0.597403 0.119318 0.174603
1 0.186688 0.663781 0.099026 0.226551
1 0.153409 0.959235 0.084416 0.081530
1 0.079545 0.852092 0.097403 0.126984
1 0.795049 0.723665 0.051136 0.077922
1 0.966315 0.430014 0.043019 0.073593
1 0.954140 0.140693 0.086851 0.173160