2 0.630276 0.285714 0.096591 0.518038
0 0.521916 0.792208 0.071429 0.105339
0 0.539367 0.985931 0.184253 0.028138
0 0.138799 0.655123 0.094156 0.128427
0 0.037744 0.707071 0.031656 0.070707
0 0.017451 0.795815 0.034902 0.092352
0 0.023133 0.901154 0.043019 0.075036
0 0.426542 0.594517 0.030032 0.148629
1 0.241071 0.210678 0.120130 0.240981
1 0.238231 0.861472 0.075487 0.085137
1 0.355925 0.940476 0.098214 0.119048
1 0.659497 0.894661 0.051136 0.050505
3 0.353896 0.387446 0.011364 0.037518
3 0.446429 0.484848 0.012987 0.041847
1 0.460633 0.841270 0.031656 0.059163