1 0.431412 0.177489 0.112825 0.203463
1 0.172484 0.295815 0.117695 0.151515
1 0.239042 0.318182 0.103084 0.259740
1 0.067370 0.903680 0.134740 0.192640
1 0.021510 0.552670 0.043019 0.177489
1 0.016234 0.330447 0.032468 0.154401
1 0.806006 0.601732 0.280844 0.466089
3 0.514205 0.126984 0.031656 0.044733
3 0.674571 0.416924 0.034207 0.041229
3 0.676890 0.451969 0.030728 0.032983
3 0.684427 0.524119 0.033047 0.037106
2 0.576299 0.335220 0.076174 0.047730
2 0.800137 0.265290 0.085539 0.065490
1 0.973620 0.905483 0.046266 0.089466