2 0.632711 0.272006 0.096591 0.516595
0 0.425731 0.580808 0.031656 0.147186
0 0.521916 0.777778 0.069805 0.108225
0 0.546266 0.980159 0.157468 0.039682
0 0.132305 0.632035 0.090909 0.105339
0 0.035308 0.692641 0.039773 0.073593
0 0.017857 0.777056 0.035714 0.083694
0 0.025162 0.888167 0.040584 0.069264
3 0.352679 0.388167 0.013799 0.044733
3 0.445617 0.469697 0.014610 0.040404
1 0.247971 0.182540 0.116071 0.256854
1 0.228490 0.840548 0.085227 0.072150
1 0.657468 0.883838 0.042208 0.060606
1 0.457792 0.829726 0.037338 0.038961
1 0.362419 0.917388 0.090097 0.165224