2 0.625812 0.234848 0.094156 0.469696
0 0.426542 0.515873 0.033279 0.147186
0 0.519481 0.715007 0.074675 0.092352
0 0.553977 0.952742 0.176136 0.094516
0 0.024756 0.826118 0.036526 0.072150
0 0.016640 0.720058 0.033279 0.079365
0 0.035308 0.636364 0.031656 0.067821
0 0.132711 0.576479 0.094968 0.103896
3 0.443588 0.412698 0.013799 0.038961
1 0.359172 0.881674 0.083604 0.217893
1 0.456981 0.780664 0.030844 0.059163
1 0.237825 0.792929 0.077922 0.092352
1 0.653409 0.826840 0.056818 0.064935
1 0.233766 0.129149 0.129870 0.225108