1 0.364854 0.385281 0.098214 0.203463
1 0.288961 0.651515 0.097403 0.202020
1 0.234984 0.734488 0.065747 0.252525
1 0.918831 0.083694 0.090909 0.145743
1 0.800325 0.655844 0.038961 0.069264
1 0.939529 0.333333 0.033279 0.085137
0 0.747159 0.360750 0.245942 0.396825
0 0.946023 0.474747 0.086851 0.165945
3 0.450893 0.199134 0.028409 0.050505
3 0.639985 0.372960 0.021853 0.042735
3 0.610639 0.337163 0.022478 0.045510
3 0.598776 0.318015 0.022478 0.042735
2 0.513500 0.363409 0.052973 0.098732
2 0.629699 0.089238 0.067498 0.091137