1 0.371753 0.300866 0.128247 0.233766
1 0.262581 0.559163 0.129058 0.196248
1 0.195617 0.624820 0.076299 0.212121
1 0.138799 0.946248 0.069805 0.107504
1 0.068588 0.814574 0.077110 0.155844
1 0.955763 0.165224 0.080357 0.196248
1 0.789367 0.726551 0.062500 0.075036
1 0.967127 0.450216 0.043019 0.079365
3 0.457734 0.176768 0.028409 0.047413
3 0.653699 0.395795 0.023771 0.044321
3 0.630218 0.346836 0.026670 0.041229
3 0.618043 0.325191 0.025510 0.039167
2 0.524119 0.338590 0.062616 0.094826
2 0.672252 0.098949 0.065515 0.066996