2 0.628653 0.250722 0.090097 0.501443
0 0.428571 0.548341 0.030844 0.154401
0 0.520698 0.747475 0.073864 0.099567
0 0.551542 0.967893 0.182630 0.064214
0 0.133523 0.606782 0.091721 0.118326
0 0.036526 0.666667 0.030844 0.064935
0 0.015422 0.749639 0.030844 0.086580
0 0.022321 0.855700 0.043019 0.064935
3 0.442776 0.441558 0.017045 0.050505
3 0.350244 0.383838 0.013799 0.036075
1 0.456575 0.808802 0.034903 0.046176
1 0.359984 0.900433 0.088474 0.197691
1 0.237825 0.155844 0.113636 0.264069
1 0.237419 0.820346 0.070617 0.092352