2 0.634334 0.168470 0.078734 0.336940
0 0.131494 0.433622 0.094156 0.106782
0 0.039367 0.492063 0.041396 0.067821
0 0.018669 0.577201 0.037338 0.082251
0 0.028409 0.681818 0.035714 0.072150
0 0.076705 0.950216 0.088474 0.080808
0 0.522321 0.575036 0.072240 0.103896
0 0.554789 0.878427 0.176136 0.243146
0 0.428977 0.367965 0.028409 0.145743
1 0.241477 0.651515 0.080357 0.075036
1 0.226461 0.958153 0.073052 0.073593
1 0.358766 0.719336 0.074675 0.187590
3 0.349026 0.381674 0.012987 0.054834
3 0.445211 0.273449 0.021916 0.049062