0 0.432630 0.350649 0.030844 0.160173
0 0.521916 0.554113 0.077922 0.102453
0 0.558442 0.868326 0.183442 0.263348
0 0.077922 0.947691 0.095779 0.104618
0 0.027192 0.663059 0.041396 0.072150
0 0.017857 0.561328 0.035714 0.088023
0 0.039773 0.479076 0.030844 0.062049
0 0.137175 0.417027 0.089286 0.108225
1 0.239448 0.633478 0.066558 0.090909
1 0.224838 0.940837 0.074675 0.085137
1 0.358766 0.712121 0.073052 0.164502
1 0.458198 0.621934 0.036526 0.062049
1 0.654627 0.649351 0.026786 0.047619
3 0.349838 0.375902 0.017857 0.040404
3 0.618101 0.988817 0.025162 0.022366
3 0.446834 0.252525 0.015422 0.044733
2 0.634334 0.162338 0.072240 0.320346