2 0.625812 0.203824 0.094156 0.407648
0 0.518669 0.657287 0.077922 0.101010
0 0.548701 0.920996 0.183442 0.158008
0 0.427354 0.461760 0.030032 0.163059
0 0.132711 0.513709 0.094968 0.113997
0 0.034091 0.580087 0.042208 0.070707
0 0.015828 0.658730 0.031656 0.086580
0 0.022727 0.772727 0.038961 0.080808
3 0.346997 0.388167 0.015422 0.038961
3 0.442370 0.358586 0.016234 0.034632
1 0.353084 0.810245 0.094156 0.167388
1 0.229708 0.722222 0.086039 0.095238
1 0.655844 0.759740 0.060065 0.057720
1 0.455357 0.717172 0.034091 0.053391