2 0.630682 0.190115 0.094156 0.380230
0 0.134334 0.494228 0.086851 0.092352
0 0.037338 0.563492 0.037338 0.057720
0 0.033279 0.760462 0.021104 0.079365
0 0.022727 0.647908 0.021104 0.082251
0 0.519481 0.647908 0.073052 0.111111
0 0.426948 0.443001 0.034091 0.145743
0 0.551948 0.915224 0.183442 0.169552
3 0.345779 0.385281 0.021104 0.038961
3 0.441558 0.343434 0.021104 0.036075
1 0.236201 0.722222 0.064935 0.072150
1 0.659497 0.753247 0.049513 0.050505
1 0.456169 0.715007 0.030844 0.046176
1 0.356737 0.787879 0.088474 0.174603