     0/999     7.37G   0.07183   0.02583   0.02254    0.1202         0       640  0.001631    0.1184 0.0008892  0.000167   0.09732    0.0321   0.02209
     1/999     7.42G   0.06912   0.02261   0.02226     0.114         3       640 0.0003766   0.04646  0.000136 3.186e-05   0.09442   0.03227    0.0217
     2/999     7.42G   0.06663   0.02237   0.02115    0.1102         0       640   0.00209   0.01626 0.0004394 6.999e-05   0.09311   0.03183   0.02133
     3/999     7.42G   0.06858    0.0218   0.02087    0.1112        13       640   0.00395    0.0218 0.0005483 9.868e-05   0.09883    0.0295   0.02423
     4/999     7.42G   0.06886   0.02255   0.02032    0.1117        14       640  0.003175   0.02681 0.0002947 5.309e-05    0.1016   0.02926   0.02682
     5/999     7.42G   0.06637   0.02317   0.01973    0.1093         2       640  0.001315   0.03833 0.0002633     5e-05    0.1013   0.03063   0.02589
     6/999     7.42G    0.0671   0.02258   0.01955    0.1092         1       640 0.0008752   0.03484 0.0001644 2.896e-05   0.09797   0.06837   0.02199
     7/999     7.42G   0.06668    0.0217    0.0194    0.1078         5       640 0.0005474   0.02207  7.84e-05  1.15e-05    0.1009   0.03172   0.02382
     8/999     7.42G    0.0669   0.02186   0.01935    0.1081        10       640  0.005881   0.01742 0.0009461 0.0001588   0.09882   0.02878   0.02294
     9/999     7.42G   0.06704   0.02372   0.01889    0.1097         5       640   0.01447   0.01742  0.002034 0.0004869   0.09702   0.02966   0.02077
    10/999     7.42G   0.06688   0.02172   0.01867    0.1073         1       640   0.01205   0.02671  0.002753  0.000561   0.09382     0.031   0.02061
    11/999     7.42G   0.06796   0.02281   0.01838    0.1092        41       640    0.3556   0.01626   0.00743  0.002532   0.09742      0.03   0.01911
    12/999     7.42G    0.0673   0.02147   0.01772    0.1065        10       640    0.6719  0.002323 0.0005065 7.313e-05   0.09795   0.02959   0.01917
    13/999     7.42G   0.06572   0.02181   0.01673    0.1043         1       640    0.3502   0.03717  0.009096  0.001634   0.09315   0.02985   0.01915
    14/999     7.42G   0.06487   0.02156   0.01655     0.103         9       640    0.3493    0.1231  0.009827  0.001573   0.08863   0.03012   0.01817
    15/999     7.42G   0.06466   0.02144   0.01617    0.1023        20       640    0.7131   0.06852   0.02972  0.006037   0.08814   0.02907   0.01857
    16/999     7.42G   0.06366   0.02071   0.01629    0.1007         1       640    0.3623   0.09175   0.01834  0.004069   0.08314   0.03074   0.01667
    17/999     7.42G   0.06363   0.02179   0.01536    0.1008         3       640     0.395   0.08479   0.03659  0.008235   0.08558    0.0304     0.018
    18/999     7.42G   0.06362     0.021   0.01531   0.09994         1       640    0.3575   0.06388   0.01603  0.003423   0.08261   0.03242   0.01681
    19/999     7.42G   0.06313   0.02017   0.01507   0.09837         0       640    0.3562    0.2571   0.01573  0.003144   0.08741   0.04409   0.02145
    20/999     7.42G   0.06181   0.02166    0.0143   0.09777        36       640   0.02656   0.06166   0.01128  0.002029   0.09116   0.02965   0.02674
    21/999     7.42G   0.06234    0.0193   0.01384   0.09549         1       640    0.4099    0.2412   0.05005   0.01087   0.08857   0.02959   0.01743
    22/999     7.42G   0.06215   0.01972   0.01391   0.09578         4       640     0.352    0.1045   0.01237  0.002259   0.08671   0.03257   0.01847
    23/999     7.42G   0.06202   0.02231   0.01338   0.09771        14       640    0.4348    0.2156   0.06793   0.01588   0.08678   0.02982   0.01453
    24/999     7.42G   0.06095   0.02033   0.01228   0.09356         6       640    0.3959    0.1303    0.0399  0.009903   0.08711   0.03069   0.01745
    25/999     7.42G   0.06116   0.02057   0.01229   0.09402         1       640    0.7049   0.06969   0.02429  0.004657   0.09036    0.0295   0.01944
    26/999     7.42G   0.06118   0.01881   0.01144   0.09143        14       640    0.7423   0.07433   0.06048   0.01056   0.08845   0.02943   0.01338
    27/999     7.42G   0.06034   0.02071   0.01125    0.0923        44       640    0.4584    0.1007   0.06736   0.01904    0.0859     0.036   0.01547
    28/999     7.42G   0.06043   0.01849   0.01072   0.08965         4       640    0.7731   0.08014   0.07073   0.02104   0.08118   0.03431   0.01367
    29/999     7.42G   0.06052   0.02013   0.01009   0.09074         3       640    0.4051    0.1244   0.07391   0.01315   0.08874   0.03015   0.01388
    30/999     7.42G   0.05897   0.02148  0.009064   0.08952        51       640    0.4762    0.2464    0.1371   0.03096   0.08132   0.03013  0.009933
    31/999     7.42G   0.05888     0.019  0.009038   0.08693         4       640    0.1495    0.3837    0.1306   0.02505   0.08298   0.03177   0.01257
    32/999     7.42G   0.05815   0.02122  0.008844   0.08821         4       640    0.1666    0.4123    0.1587   0.03719   0.08458   0.03174   0.01233
    33/999     7.42G   0.05841   0.01966  0.009373   0.08744         6       640    0.1507    0.3729    0.1597   0.03125    0.0838   0.02979   0.01131
    34/999     7.42G    0.0579   0.02004  0.008527   0.08647         4       640   0.05977    0.1693   0.02985  0.007319    0.1006   0.02879   0.03704
    35/999     7.42G   0.05754   0.02047  0.008239   0.08625         8       640    0.4346    0.1129   0.04789   0.00956    0.0939    0.0324   0.02805
    36/999     7.42G   0.05805   0.02028  0.008565   0.08689         3       640     0.138    0.2865   0.07941   0.01797    0.0843   0.03175   0.01324
    37/999     7.42G     0.057   0.01906  0.008266   0.08433         7       640    0.1487     0.409    0.1367   0.03381   0.07808   0.03307   0.01043
    38/999     7.42G   0.05604   0.01972  0.008105   0.08386         1       640    0.7091    0.2329    0.2494   0.08058    0.0798   0.03042   0.01334
    39/999     7.42G   0.05802   0.01985  0.007431    0.0853         9       640    0.2589    0.3475    0.1838   0.03906   0.08378   0.03057  0.009463
    40/999     7.42G   0.05686    0.0196  0.007325   0.08379         8       640    0.0891    0.4178   0.08301   0.01693   0.08605   0.03046   0.01514
    41/999     7.42G     0.056   0.01976  0.007236   0.08299         5       640    0.3355    0.3441    0.2315   0.06636   0.07949   0.03028  0.007769
    42/999     7.42G   0.05539   0.01936  0.007056   0.08181         2       640    0.2536    0.4034    0.2643   0.07029   0.07677    0.0313   0.00761
    43/999     7.42G   0.05565   0.01884  0.006865   0.08136        10       640    0.3019    0.4035     0.245   0.06863    0.0757   0.03039    0.0076
    44/999     7.42G    0.0563   0.02011  0.006904   0.08331         2       640    0.3111    0.4684    0.3133   0.08584   0.07606   0.02941  0.007562
    45/999     7.42G   0.05602    0.0195  0.007028   0.08254         6       640    0.5477    0.2745    0.2685    0.0804   0.07683    0.0311   0.01231
    46/999     7.42G   0.05513   0.02008  0.006813   0.08203         4       640    0.2514    0.4033    0.1869    0.0397   0.07895   0.03003  0.007059
    47/999     7.42G   0.05503   0.02017  0.006758   0.08196         5       640    0.2472    0.3571    0.2024   0.06227   0.08046   0.03101  0.008283
    48/999     7.42G   0.05627   0.01936  0.007316   0.08294         5       640    0.3537    0.3116    0.2728   0.07648   0.07807   0.03239  0.009491
    49/999     7.42G   0.05553   0.02038  0.006241   0.08215        17       640    0.3889    0.3632    0.2856   0.06807   0.07627   0.03085  0.007886
    50/999     7.42G   0.05326   0.01987  0.006402   0.07954         1       640    0.2269    0.4283    0.2784   0.07563   0.07784   0.03121   0.00836
    51/999     7.42G   0.05481   0.01868  0.006005   0.07949         7       640    0.2435    0.3659    0.2016   0.05382   0.08115   0.03029  0.007773
    52/999     7.42G   0.05429   0.01882  0.006588   0.07969         2       640    0.3953    0.3792    0.2931   0.08862   0.07542   0.03032  0.007434
    53/999     7.42G   0.05373   0.01966  0.006395   0.07979         2       640     0.356    0.4546    0.3429   0.09674   0.07328   0.03133  0.005763
    54/999     7.42G   0.05342    0.0201  0.005752   0.07927        17       640    0.3631    0.4552    0.2757   0.07822   0.07156   0.03306  0.007459
    55/999     7.42G    0.0536   0.01921  0.006048   0.07886         7       640    0.3325    0.4025    0.2858   0.09047   0.07228   0.03287  0.007436
    56/999     7.42G   0.05318    0.0213    0.0059   0.08038        34       640    0.3841    0.5079    0.3585   0.09623   0.07446   0.03028  0.006279
    57/999     7.42G   0.05251   0.01984  0.005703   0.07805         3       640    0.4092    0.3637    0.3098   0.09028   0.07449   0.03266  0.006659
    58/999     7.42G   0.05261   0.02023  0.005586   0.07842        36       640     0.348    0.3904    0.2974   0.08767   0.07555   0.03088  0.007194
    59/999     7.42G   0.05321   0.01878  0.005567   0.07755         9       640    0.4048    0.4665    0.3824    0.1139   0.07081    0.0308  0.005938
    60/999     7.42G   0.05263   0.01839  0.005326   0.07634        11       640    0.4154    0.4453    0.3537    0.1006   0.07084   0.03038    0.0059
    61/999     7.42G   0.05341   0.02004  0.005784   0.07923        16       640     0.446    0.4386    0.4003    0.1326   0.06868   0.03306   0.00591
    62/999     7.42G   0.05297   0.01928   0.00506   0.07731        11       640    0.3601    0.4464     0.356    0.1134   0.07041   0.03119  0.005928
    63/999     7.42G   0.05236   0.01936   0.00508    0.0768         6       640    0.3888     0.498    0.3669    0.1204    0.0712   0.03091  0.005776
    64/999     7.42G   0.05221   0.01871  0.005224   0.07615         1       640    0.4104    0.4024    0.3444   0.09993   0.07287   0.03233  0.006416
    65/999     7.42G   0.05209   0.01963  0.005316   0.07704         6       640    0.3258    0.4702    0.3719    0.1203   0.07129   0.03254  0.006679
    66/999     7.42G   0.05228   0.02028  0.005697   0.07826        41       640    0.3996    0.4998    0.3895    0.1204    0.0698   0.03156  0.005645
    67/999     7.42G   0.05314   0.02029  0.005619   0.07905        29       640    0.1592    0.5152    0.1057   0.02667   0.07285    0.9095   0.01567
    68/999     7.42G   0.05188   0.01934  0.005562   0.07678         3       640    0.1336    0.4733    0.1058   0.02741   0.07272    0.1768   0.02009
    69/999     7.42G   0.05189   0.01939  0.005239   0.07652         3       640    0.2709    0.5288    0.2806    0.0956   0.06953   0.03362  0.007839
    70/999     7.42G    0.0516   0.01984  0.005183   0.07662        13       640    0.4592    0.5021    0.4064    0.1534   0.06734   0.03142  0.005168
    71/999     7.42G    0.0504   0.01904  0.005055    0.0745         1       640    0.3581    0.5166    0.3432    0.1099    0.0719   0.03359  0.006047
    72/999     7.42G   0.05208   0.02015  0.005068    0.0773         7       640    0.4294    0.4866    0.4169    0.1316   0.06905   0.03201   0.00565
    73/999     7.42G   0.05145   0.01948  0.005164   0.07609         3       640    0.4973    0.4978    0.4071    0.1364    0.0683   0.03185  0.005632
    74/999     7.42G   0.05161   0.01926  0.005043   0.07592        25       640    0.4549    0.4952    0.4234    0.1275   0.06967   0.03047  0.005955
    75/999     7.42G   0.05008   0.01912  0.004836   0.07404         5       640     0.391    0.6082     0.471    0.1614   0.06855   0.03072  0.005824
    76/999     7.42G   0.04943   0.01753  0.004488   0.07145         1       640    0.5034    0.4982    0.4558     0.134   0.07066   0.03077  0.006267
    77/999     7.42G   0.05141   0.01969   0.00498   0.07608        51       640    0.3974    0.5787     0.457    0.1383   0.06995   0.03072  0.005909
    78/999     7.42G   0.05074   0.01903  0.004542    0.0743         1       640    0.5136    0.2245     0.209    0.0641    0.0733   0.05102   0.01072
    79/999     7.42G   0.05095    0.0188  0.004987   0.07473         3       640    0.3724    0.4958      0.38    0.1271    0.0699   0.03118  0.006295
    80/999     7.42G     0.051   0.01775  0.004516   0.07327         6       640     0.449    0.5799    0.4977    0.1721   0.06526   0.03212  0.005803
    81/999     7.42G   0.05075   0.01813  0.004575   0.07345         4       640    0.4289    0.4993    0.4377    0.1503   0.06608   0.03163  0.006548
    82/999     7.42G    0.0511   0.01922  0.004795   0.07512        11       640    0.4055    0.5648    0.4735    0.1678    0.0669   0.03112  0.005926
    83/999     7.42G   0.05074   0.01879  0.005269    0.0748         3       640    0.3267     0.556    0.4152    0.1434   0.06954   0.03092  0.006406
    84/999     7.42G   0.04927   0.01932  0.004947   0.07354         4       640      0.45    0.5155    0.4171    0.1192   0.07072   0.03122  0.006552
    85/999     7.42G   0.05026   0.01807  0.004569    0.0729        15       640    0.4202    0.5373    0.4221    0.1527   0.06988   0.03076  0.005837
    86/999     7.42G   0.05006   0.01878  0.004415   0.07326        16       640    0.4507    0.4478       0.4    0.1515   0.06825   0.03084  0.005982
    87/999     7.42G   0.05027   0.01834  0.004663   0.07328         6       640    0.4543    0.6451    0.5357    0.1725   0.06746   0.03038  0.005656
    88/999     7.42G    0.0502   0.01998  0.005394   0.07558        21       640    0.4223    0.5492    0.4536    0.1581   0.06752    0.0339  0.006216
    89/999     7.42G   0.04898   0.01854  0.004197   0.07171         2       640    0.4388    0.5781    0.5407     0.206   0.06639   0.03025  0.005745
    90/999     7.42G   0.04982   0.01969  0.004586   0.07409         3       640    0.4442     0.547    0.5335    0.2124   0.06678   0.03114   0.00524
    91/999     7.42G   0.04876   0.01877  0.004341   0.07188         7       640    0.5209    0.5436    0.5142    0.1796   0.06705   0.03167  0.005227
    92/999     7.42G   0.04886   0.01912  0.004223    0.0722        10       640    0.3867    0.5148    0.4509    0.1613   0.06911   0.03135  0.006575
    93/999     7.42G   0.04852   0.01857   0.00429   0.07138         3       640    0.4191    0.5876    0.5352    0.1914   0.06568   0.03075  0.005449
    94/999     7.42G   0.04876   0.01855   0.00406   0.07137         9       640    0.5399    0.5661    0.5383    0.2054   0.06608   0.03034  0.005865
    95/999     7.42G   0.04759   0.01912   0.00409    0.0708        15       640    0.5485    0.5827    0.5394    0.1986   0.06535    0.0306  0.005877
    96/999     7.42G   0.04872   0.01799  0.004087   0.07079         2       640     0.513    0.4998    0.4589    0.1729   0.06614   0.03362  0.005209
    97/999     7.42G   0.04808   0.01887  0.003655    0.0706        17       640     0.458    0.5674    0.4272    0.1529   0.06981   0.03083  0.006418
    98/999     7.42G   0.04878   0.01823  0.003966   0.07097         4       640    0.4777    0.6297    0.5585    0.1892   0.06758   0.02949  0.005219
    99/999     7.42G   0.04971   0.01889  0.004218   0.07282         1       640      0.53    0.5776    0.5233    0.1932   0.06846   0.02953   0.00528
   100/999     7.42G   0.04849   0.01936  0.004568   0.07242         1       640    0.4361    0.6739    0.5542    0.2203   0.06548   0.02997  0.005449
   101/999     7.42G   0.04901   0.01675  0.004735    0.0705         1       640    0.4719    0.6234    0.5556    0.2142   0.06581   0.03037  0.005556
   102/999     7.42G   0.04786   0.01859  0.003806   0.07025         4       640    0.5072    0.5496    0.4878    0.1811   0.06719   0.03077  0.005872
   103/999     7.42G   0.04841   0.01878  0.004143   0.07133        25       640    0.6046    0.5405     0.533    0.2126   0.06528   0.03026  0.005599
   104/999     7.42G   0.04846   0.01866  0.004186   0.07131        14       640    0.5205    0.5603    0.5124    0.2086   0.06405   0.03329  0.005215
   105/999     7.42G   0.04752   0.01818  0.003913   0.06962         0       640    0.4425    0.6639    0.5861    0.2606   0.06299   0.03054  0.004838
   106/999     7.42G   0.04758   0.01919   0.00419   0.07096        10       640    0.4499    0.6197      0.53    0.2166   0.06527    0.0305  0.005279
   107/999     7.42G   0.04778   0.01899  0.004051   0.07082         0       640    0.5797    0.5898    0.5817    0.2458   0.06459   0.02988  0.005324
   108/999     7.42G   0.04698   0.01827  0.003887   0.06914         2       640    0.6854    0.5635    0.6048    0.2386   0.06448   0.03017  0.005972
   109/999     7.42G   0.04763    0.0187  0.003812   0.07015         3       640    0.6419    0.6031    0.6042    0.2406   0.06476   0.03023  0.005135
   110/999     7.42G   0.04851   0.01814   0.00386   0.07051         5       640    0.6256    0.6687    0.6399    0.2533   0.06282   0.03052  0.004904
   111/999     7.42G   0.04762   0.01773   0.00359   0.06895        15       640    0.7245     0.621    0.6666    0.2669    0.0626   0.02964  0.004943
   112/999     7.42G   0.04804   0.01778  0.003954   0.06977         3       640    0.6166     0.632    0.6186    0.2446   0.06357   0.03113  0.005154
   113/999     7.42G   0.04742   0.01817  0.003864   0.06946         6       640    0.5561    0.6215    0.6203     0.272   0.06251   0.02854  0.005017
   114/999     7.42G   0.04639   0.01879  0.003349   0.06853         8       640    0.5339    0.6672    0.6042    0.2573   0.06279   0.02919  0.005581
   115/999     7.42G   0.04651   0.01846  0.003595   0.06856        30       640     0.523    0.6266    0.5584    0.2457   0.06302   0.02979  0.005441
   116/999     7.42G   0.04686   0.01773  0.003666   0.06826        12       640    0.5428    0.6242     0.602     0.244    0.0641    0.0314  0.005985
   117/999     7.42G   0.04756   0.01811  0.003684   0.06935         1       640    0.4795    0.6583    0.5643    0.2217   0.06355   0.03091  0.005487
   118/999     7.42G   0.04658   0.01743  0.004044   0.06805         2       640    0.5928    0.5632    0.5822     0.216   0.06664    0.0314  0.006641
   119/999     7.42G   0.04658   0.01792  0.003652   0.06816        24       640    0.6483    0.6382    0.6445    0.2901   0.06091   0.02924  0.005095
   120/999     7.42G   0.04584   0.01743  0.003259   0.06653         1       640    0.5623    0.6874     0.664    0.3009   0.06196   0.02971  0.005336
   121/999     7.42G   0.04585   0.01793  0.003845   0.06762         2       640    0.7704      0.58    0.6537    0.3122   0.06186   0.02946  0.005088
   122/999     7.42G   0.04632   0.01864  0.003754   0.06871         7       640    0.7488    0.6158    0.6452     0.283   0.06291   0.02904  0.005001
   123/999     7.42G   0.04572   0.01718  0.003896    0.0668         9       640    0.6254    0.5938    0.6097    0.2743   0.06376   0.03031  0.004941
   124/999     7.42G   0.04616   0.01786  0.003902   0.06793         4       640    0.6495    0.6835     0.694    0.3184   0.06118   0.03044  0.004855
   125/999     7.42G   0.04649   0.01721  0.003658   0.06736         2       640    0.6755    0.5661    0.6003    0.2765   0.06464   0.02971  0.005099
   126/999     7.42G     0.045   0.01763  0.003032   0.06566         3       640      0.68    0.6393    0.6666    0.2999   0.06256   0.03049  0.005222
   127/999     7.42G   0.04625    0.0175  0.003236   0.06699         6       640    0.7658    0.6497    0.7094    0.3199   0.06059   0.02964  0.005262
   128/999     7.42G   0.04621    0.0182  0.003814   0.06822         3       640    0.6694    0.6244    0.6579    0.2821   0.06182      0.03  0.006509
   129/999     7.42G   0.04484   0.01855   0.00361     0.067        10       640    0.5688    0.7148      0.65     0.284   0.06138   0.02979  0.005056
   130/999     7.42G   0.04566   0.01708  0.003671   0.06641        21       640    0.7127    0.7341    0.7389    0.3367   0.05922    0.0296   0.00477
   131/999     7.42G   0.04537   0.01716  0.003382   0.06591         6       640    0.6988    0.6948    0.6871    0.3155   0.06051   0.02964  0.004877
   132/999     7.42G   0.04542   0.01722  0.003738   0.06638         7       640    0.6762    0.6261    0.6261    0.2657   0.06358    0.0304   0.00632
   133/999     7.42G   0.04493   0.01899  0.003675   0.06759         6       640    0.6093     0.633    0.6173    0.2552   0.06445   0.03002  0.008656
   134/999     7.42G   0.04501   0.01738  0.003859   0.06625         1       640    0.6584    0.6282    0.6214    0.2867    0.0611    0.0295  0.005555
   135/999     7.42G   0.04511   0.01745  0.003735    0.0663         8       640    0.7274    0.6715    0.7029    0.3243   0.06047   0.02952  0.005006
   136/999     7.42G    0.0455   0.01755  0.003493   0.06654         2       640    0.5861    0.7013    0.6476    0.2698   0.06348   0.02951  0.006017
   137/999     7.42G   0.04692   0.01797  0.003691   0.06858         4       640     0.846    0.6341    0.7223    0.3347   0.05957   0.03045  0.005784
   138/999     7.42G   0.04576   0.01694  0.003893   0.06659         3       640    0.6331     0.687     0.684    0.3203   0.05988   0.03076  0.005101
   139/999     7.42G   0.04534   0.01781  0.003346    0.0665        15       640    0.7109     0.667    0.7016     0.322   0.06025   0.03052    0.0049
   140/999     7.42G   0.04608   0.01675  0.003775   0.06661        20       640    0.6312    0.6342    0.6377     0.312   0.05963   0.03002  0.004932
   141/999     7.42G   0.04363   0.01688  0.003143   0.06366         0       640     0.709    0.6875    0.6837    0.3165    0.0597   0.02989  0.005137
   142/999     7.42G   0.04444   0.01602   0.00317   0.06362         3       640     0.657    0.6608    0.6741    0.2992   0.06096   0.02998   0.00505
   143/999     7.42G   0.04519   0.01721  0.003938   0.06634         5       640    0.7171    0.7264    0.7244    0.3259    0.0604   0.03023  0.005592
   144/999     7.42G   0.04481   0.01767  0.003293   0.06577        17       640    0.7005    0.6866    0.7223     0.351   0.05991   0.03082  0.005336
   145/999     7.42G   0.04444   0.01732  0.003249   0.06501         6       640    0.7823    0.5975    0.6967    0.3304   0.06141   0.03101  0.006397
   146/999     7.42G   0.04435   0.01767  0.003699   0.06572         1       640    0.7614    0.6424    0.7001     0.313   0.05907   0.03076  0.004874
   147/999     7.42G   0.04416   0.01649  0.003264   0.06391         2       640    0.8151    0.6637    0.7276    0.3505    0.0585   0.02964  0.004962
   148/999     7.42G   0.04591   0.01753  0.003557     0.067         5       640    0.7858      0.62    0.6573     0.318   0.06132   0.02959  0.004916
   149/999     7.42G   0.04482   0.01737  0.003637   0.06582         5       640    0.6928    0.6345    0.6666    0.3215   0.05927    0.0291  0.004859
   150/999     7.42G   0.04385   0.01696  0.003333   0.06414         7       640     0.755    0.7003    0.7372    0.3554   0.05852   0.02986  0.004911
   151/999     7.42G   0.04362   0.01658  0.003011   0.06321        25       640    0.7692    0.6794    0.7279    0.3576   0.05891   0.02975  0.005406
   152/999     7.42G   0.04468   0.01838  0.003096   0.06616         4       640    0.6683    0.6705    0.6466    0.3037   0.06183   0.03154  0.006268
   153/999     7.42G   0.04435   0.01665  0.003304    0.0643         0       640    0.7376    0.6437    0.6627    0.3055   0.06212   0.03033  0.005518
   154/999     7.42G   0.04362   0.01741  0.003108   0.06414         4       640     0.822    0.6428      0.72    0.3346   0.05968   0.03077  0.005294
   155/999     7.42G   0.04363   0.01766  0.003326   0.06461         1       640    0.8814    0.6339    0.7421    0.3728   0.05746   0.03033  0.004882
   156/999     7.42G   0.04341    0.0169  0.003173   0.06348         0       640    0.8477    0.6888    0.7621    0.3753   0.05764   0.02942  0.005074
   157/999     7.42G   0.04262   0.01841  0.003431   0.06447         3       640    0.8339    0.6847    0.7379    0.3729   0.05645   0.03003   0.00514
   158/999     7.42G   0.04395   0.01746  0.003254   0.06467         5       640    0.7314    0.6757    0.6773    0.2951   0.06193   0.03152  0.005335
   159/999     7.42G   0.04248   0.01641  0.002676   0.06156         0       640    0.7826    0.6964    0.7311    0.3443   0.05747   0.02997  0.005673
   160/999     7.42G   0.04278   0.01576  0.003105   0.06165         0       640     0.847    0.7015    0.7746     0.375   0.05684   0.03034  0.004664
   161/999     7.42G   0.04377   0.01596  0.003429   0.06317         3       640    0.7198    0.6841     0.732    0.3589   0.05779   0.03064  0.004611
   162/999     7.42G   0.04214   0.01715  0.003009    0.0623         8       640    0.8203    0.7159    0.7688    0.3945   0.05662   0.03053  0.004568
   163/999     7.42G   0.04282   0.01705  0.003207   0.06307         1       640     0.816    0.7228    0.7771    0.3999   0.05709      0.03  0.005191
   164/999     7.42G   0.04227   0.01729  0.002856   0.06242         1       640    0.8481    0.7543    0.7866    0.3881   0.05534   0.03047  0.005192
   165/999     7.42G   0.04337   0.01709  0.003407   0.06387        15       640    0.8335      0.71    0.7845    0.4099   0.05555   0.03026  0.004968
   166/999     7.42G   0.04236   0.01762  0.003105   0.06308        19       640    0.6601    0.6818    0.6658    0.3232    0.0586   0.03037  0.005269
   167/999     7.42G   0.04394   0.01571   0.00306    0.0627        24       640    0.7889    0.7184     0.762    0.4111   0.05414   0.03108  0.004753
   168/999     7.42G   0.04325   0.01645  0.002938   0.06264         7       640    0.7521    0.6745    0.7041    0.3768   0.05685    0.0303  0.004827
   169/999     7.42G   0.04311   0.01564  0.002998   0.06175         3       640    0.8344    0.6648    0.7338    0.3778   0.05783   0.03009  0.005127
   170/999     7.42G   0.04174   0.01655  0.003108   0.06139         0       640    0.8222    0.7361    0.7792    0.3918   0.05717   0.03029  0.005193
   171/999     7.42G   0.04225   0.01602  0.003149   0.06142        12       640    0.8294    0.7114    0.7742    0.4241   0.05526   0.02977  0.004879
   172/999     7.42G   0.04191   0.01647   0.00279   0.06117         2       640    0.8551    0.6644    0.7566    0.3885   0.05665   0.03035  0.004703
   173/999     7.42G   0.04262   0.01668   0.00325   0.06255         3       640    0.8358     0.718    0.8053    0.4338   0.05708   0.02951  0.004847
   174/999     7.42G    0.0411   0.01625  0.003007   0.06036         6       640    0.8321    0.6843    0.7748    0.3974   0.05834   0.02952  0.005597
   175/999     7.42G   0.04241   0.01687  0.002986   0.06226        13       640    0.7916    0.6663    0.7548    0.3895   0.05813   0.02993  0.005293
   176/999     7.42G   0.04139    0.0166   0.00313   0.06112         1       640    0.8205    0.6383     0.722    0.3769    0.0576   0.02969  0.005306
   177/999     7.42G   0.04182   0.01675  0.003145   0.06171        11       640    0.8097    0.6468    0.7358    0.3996    0.0566   0.02938  0.005229
   178/999     7.42G   0.04252   0.01514  0.003346   0.06101         9       640    0.7294    0.7445    0.7405    0.3728   0.05738   0.03043   0.00535
   179/999     7.42G   0.04243   0.01589  0.003267   0.06159         6       640    0.6647    0.6796    0.6856    0.3671   0.05611   0.03024  0.004771
   180/999     7.42G   0.04366   0.01692  0.003392   0.06397         6       640    0.8003    0.6265    0.7349     0.389   0.05608   0.03027  0.004515
   181/999     7.42G   0.04276   0.01687  0.003221   0.06285         4       640    0.7645    0.7147    0.7685    0.4153   0.05615   0.02908  0.004846
   182/999     7.42G   0.04165   0.01638  0.002973   0.06101        14       640    0.7867    0.7536    0.7946    0.4306   0.05535   0.02879  0.004624
   183/999     7.42G   0.04339   0.01634  0.002699   0.06243         9       640    0.7194    0.7035    0.6876    0.3701   0.05678    0.0298  0.004794
   184/999     7.42G   0.04056   0.01703  0.002806   0.06039         1       640    0.7286    0.7195    0.7344    0.3675   0.05885   0.02985  0.005067
   185/999     7.42G   0.04104   0.01675  0.002932   0.06072         0       640    0.8662    0.6184     0.718    0.3317   0.06219   0.02995   0.00541
   186/999     7.42G   0.04099   0.01618  0.002483   0.05966         4       640    0.8689      0.71     0.789    0.3928   0.05835   0.02972  0.004948
   187/999     7.42G   0.04132   0.01636  0.003154   0.06084         4       640    0.9291    0.6727     0.791    0.4151    0.0568   0.03024  0.005393
   188/999     7.42G   0.04093   0.01602  0.002883   0.05983         0       640    0.8507    0.6899    0.7832    0.3953   0.05599   0.02963  0.004859
   189/999     7.42G   0.04049     0.017  0.002996   0.06048         2       640    0.8635    0.7423    0.8187    0.4608   0.05408   0.02934    0.0049
   190/999     7.42G   0.04124   0.01665  0.002844   0.06073         3       640    0.8957    0.7417    0.8211      0.44    0.0549   0.03084  0.004688
   191/999     7.42G   0.04065   0.01605  0.002718   0.05942        19       640     0.846    0.7151    0.7922    0.4295   0.05353   0.03042  0.004883
   192/999     7.42G   0.04195   0.01798  0.003188   0.06311        15       640    0.8212    0.7045    0.7307    0.4026    0.0541   0.03043  0.004776
   193/999     7.42G   0.04187   0.01559  0.003177   0.06064         1       640    0.8593    0.6776    0.7712    0.4114   0.05558   0.03011  0.005511
   194/999     7.42G   0.04077   0.01664  0.002618   0.06003        10       640    0.8971    0.6728    0.7819    0.4205    0.0554   0.03053  0.005025
   195/999     7.42G   0.04119   0.01641  0.002881   0.06047         4       640    0.8124    0.7725    0.8045    0.4493   0.05401    0.0298  0.004623
   196/999     7.42G   0.04184   0.01613  0.003004   0.06097         4       640    0.8308    0.7118     0.783    0.4231   0.05681   0.02978  0.004884
   197/999     7.42G   0.04099    0.0157  0.003073   0.05977         8       640    0.8549    0.7372    0.7902     0.413   0.05693   0.03032  0.004731
   198/999     7.42G   0.04089   0.01671  0.002942   0.06054        23       640    0.8953     0.742    0.8225    0.4563   0.05356   0.02964  0.004597
   199/999     7.42G   0.04028   0.01609  0.002954   0.05933         0       640     0.879    0.7222    0.8168    0.4545    0.0544   0.02976  0.004605
   200/999     7.42G   0.04042   0.01645  0.002754   0.05962        14       640    0.8511    0.7967    0.8319    0.4772   0.05407   0.03011  0.004911
   201/999     7.42G   0.04185   0.01633  0.002548   0.06073        10       640    0.8815    0.7581    0.8427    0.4746   0.05381   0.02961  0.004723
   202/999     7.42G   0.04086   0.01699  0.003189   0.06104        17       640    0.8891    0.7736    0.8403     0.491   0.05296   0.03028  0.004594
   203/399     7.56G   0.04934   0.02634  0.005956   0.08164       109       640     0.813    0.4269    0.5221    0.2419   0.06707    0.0528  0.006978
   204/399     7.45G   0.04807   0.02546  0.005219   0.07875       124       640    0.7311    0.5316    0.5855    0.2742   0.06778   0.04941  0.006178
   205/399     7.45G   0.04744   0.02551  0.004449   0.07739       135       640    0.7922    0.5602    0.6192    0.2958   0.06698    0.0475  0.006197
   206/399     7.45G   0.04716   0.02477  0.004413   0.07635        74       640    0.7053     0.585    0.6114    0.2797   0.06571   0.04891  0.005816
   207/399     7.45G   0.04616   0.02528  0.004185   0.07563        75       640    0.7553    0.5569    0.5985    0.2864   0.06544   0.04829  0.005601
   208/399     7.45G   0.04675   0.02595  0.004446   0.07714        45       640    0.7801    0.5564    0.6322    0.2929    0.0674   0.04851  0.006198
   209/399     7.45G   0.04497   0.02373  0.004031   0.07273       125       640    0.8328    0.5637    0.6794    0.3315    0.0644   0.05009  0.005316
   210/399     7.45G   0.04571   0.02419  0.004498   0.07439       127       640    0.8048    0.5752    0.6638     0.318   0.06395   0.04882  0.005587
   211/399     7.45G   0.04512   0.02552   0.00375    0.0744        48       640    0.7337    0.6387     0.681    0.3229   0.06456   0.04808  0.005552
   212/399     7.45G   0.04499   0.02514  0.003647   0.07378       138       640    0.7285    0.6527    0.6993    0.3429   0.06442   0.04783  0.005585
   213/399     7.45G   0.04462   0.02417   0.00358   0.07237       147       640    0.7149    0.6506    0.7057    0.3414   0.06423   0.04679  0.005619
   214/399     7.45G   0.04406   0.02376  0.003582   0.07141        80       640    0.7703    0.6358    0.7083    0.3442   0.06279   0.04786  0.005185
   215/399     7.45G    0.0445   0.02345  0.003579   0.07153       160       640    0.7584    0.6744    0.7298    0.3571   0.06238   0.04804  0.005058
   216/399     7.45G   0.04359   0.02304  0.003576   0.07021        40       640    0.7675    0.6525    0.7182    0.3322   0.06227    0.0482   0.00548
   217/399     7.45G   0.04431    0.0239  0.003721   0.07193        63       640    0.8362    0.6053    0.7297    0.3438   0.06202   0.04863  0.005309
   218/399     7.45G   0.04437   0.02386  0.003887   0.07212        80       640     0.787    0.6309    0.7263    0.3379     0.062   0.04787  0.005549
   219/399     7.45G   0.04441   0.02337  0.003554   0.07132        62       640     0.912    0.5716    0.7258    0.3553   0.06123   0.04886   0.00552
   220/399     7.45G   0.04365   0.02408   0.00352   0.07125        55       640    0.8011    0.6773    0.7334    0.3522   0.06174   0.04774  0.005375
   221/399     7.45G   0.04294   0.02217  0.003469   0.06859       103       640     0.763    0.6662    0.7298    0.3623   0.06243   0.04733  0.005588
   222/399     7.45G    0.0441   0.02457  0.003692   0.07235        71       640    0.8079    0.6778    0.7415    0.3742   0.06174   0.04807  0.005602
   223/399     7.45G    0.0433   0.02358  0.003818    0.0707        80       640    0.8476    0.6585    0.7478    0.3716   0.06166   0.04818  0.005031
   224/399     7.45G   0.04295   0.02405  0.003338   0.07033        97       640    0.8778    0.6828    0.7733    0.3786   0.06087   0.04774  0.005952
   225/399     7.45G   0.04283   0.02306  0.003593   0.06947        59       640    0.7612    0.6984    0.7622     0.382   0.06042   0.04856  0.005924
   226/399     7.45G   0.04362   0.02416  0.003643   0.07142       134       640    0.8181    0.6828    0.7644     0.384   0.06049   0.04778  0.005814
   227/399     7.45G   0.04197   0.02138  0.003239   0.06659        70       640    0.8326    0.6688    0.7494    0.3846   0.06104   0.04842  0.004741
   228/399     7.45G   0.04313   0.02345   0.00341   0.06999        63       640     0.785    0.6596    0.7433     0.364   0.06324   0.04695  0.005055
   229/399     7.45G   0.04276   0.02335  0.003408   0.06951       106       640    0.8795    0.6947    0.7812    0.3878   0.06008   0.04869  0.005001
   230/399     7.45G   0.04253   0.02282  0.003354   0.06871        71       640    0.8449    0.7056    0.7761    0.3734   0.06048    0.0478  0.005342
   231/399     7.45G   0.04214   0.02271  0.003165   0.06801        84       640    0.8342    0.7242    0.7844    0.4005   0.06029   0.04706  0.005181
   232/399     7.45G    0.0432   0.02254  0.003605   0.06935        98       640    0.8341    0.7222      0.79    0.3981   0.06083   0.04731   0.00489
   233/399     7.45G   0.04125    0.0219  0.003307   0.06646       165       640    0.8658    0.7203    0.7994    0.4233   0.06004   0.04776  0.004833
   234/399     7.45G   0.04189   0.02294  0.003114   0.06794        99       640    0.8446    0.6601    0.7598    0.3982   0.05884    0.0485  0.004908
   235/399     7.45G   0.04213   0.02225  0.003394   0.06777        54       640    0.8451    0.6933    0.7924    0.4237   0.05873    0.0481  0.005013
   236/399     7.45G   0.04239   0.02205  0.003232   0.06767       100       640    0.9196    0.6513    0.7802    0.4079   0.06088   0.04739  0.005204
   237/399     7.45G   0.04198   0.02307  0.003159   0.06821       130       640    0.8533    0.7187     0.798    0.4235   0.05969   0.04723  0.004952
   238/399     7.45G   0.04228   0.02407  0.003385   0.06973        75       640    0.8604    0.7072    0.7985    0.4202   0.05881   0.04817  0.005274
   239/399     7.45G   0.04188   0.02208  0.002854   0.06682        82       640    0.8035    0.7825    0.8124    0.4539   0.05781   0.04783  0.005216
   240/399     7.45G   0.04246   0.02345  0.003011   0.06892        67       640    0.8488    0.7334    0.8149     0.436   0.05779   0.04824  0.004604
   241/399     7.45G   0.04036   0.02248  0.002836   0.06568        59       640    0.8433    0.7156    0.7843    0.4032   0.06044   0.04753  0.004762
   242/399     7.45G   0.04192    0.0233   0.00295   0.06816       176       640    0.8705    0.7146    0.7989    0.4209   0.05858   0.04757  0.004696
   243/399     7.45G   0.04198   0.02265  0.003029   0.06766       134       640    0.8378    0.7395    0.8047     0.415   0.05906   0.04773  0.004767
   244/399     7.45G   0.04201   0.02406  0.003512   0.06958       178       640    0.8647    0.7335    0.8118    0.4472   0.05793   0.04806  0.004884
   245/399     7.45G   0.04138   0.02349  0.003137     0.068       105       640    0.8439     0.766    0.8137    0.4234   0.05824    0.0492  0.005212
   246/399     7.45G   0.04168   0.02297  0.003009   0.06765       114       640    0.8712    0.7163    0.8015    0.4342   0.05918   0.04781  0.004965
   247/399     7.45G   0.04174   0.02235  0.003155   0.06725       122       640     0.858    0.7059    0.7899    0.4147   0.05888   0.04805  0.004953
   248/399     7.45G   0.04063   0.02211  0.002691   0.06543       203       640    0.8227     0.699    0.7599    0.3563   0.06016   0.04774  0.004889
   249/399     7.45G   0.04133   0.02289  0.003162   0.06739        57       640    0.8322    0.7374    0.7951    0.3994   0.05892   0.04863  0.005072
   250/399     7.45G   0.04032   0.02196  0.002912   0.06519       120       640    0.7475    0.6984    0.7351    0.3643   0.05965   0.04813  0.005342
   251/399     7.45G    0.0408   0.02298  0.002963   0.06674       106       640    0.8611    0.7294     0.804    0.4061   0.05797    0.0487   0.00498
   252/399     7.45G   0.04117    0.0231  0.002821   0.06708        64       640    0.9189     0.706    0.8282    0.4326   0.05716   0.04871  0.004868
   253/399     7.45G   0.04138   0.02332  0.002814   0.06751       103       640    0.8671    0.7662    0.8315    0.4302   0.05796   0.04818  0.005079
   254/399     7.45G   0.04111   0.02309  0.003048   0.06725       117       640    0.8363    0.7275    0.8035    0.4006   0.05895    0.0496  0.004984
   255/399     7.45G    0.0405   0.02294  0.002999   0.06644        73       640    0.8669     0.746    0.8185    0.4425   0.05896    0.0487  0.005245
   256/399     7.45G   0.04062   0.02273  0.002779   0.06613        88       640    0.8391    0.7581     0.797    0.4032   0.05907   0.04757  0.005128
   257/399     7.45G   0.04074   0.02205  0.002992   0.06579        98       640     0.826    0.7511    0.8004    0.4115   0.05963   0.04617  0.005207
   258/399     7.45G    0.0417   0.02276  0.003267   0.06772        70       640    0.9295    0.7305    0.8348    0.4232   0.05763   0.04803   0.00523
   259/399     7.45G    0.0413   0.02175  0.003266   0.06631       117       640    0.9262    0.7601    0.8371    0.4316   0.05793   0.04845  0.005009
   260/399     7.45G   0.04023   0.02258  0.002884   0.06569        91       640    0.8483    0.7638    0.8187    0.4339   0.05831   0.04795  0.004875
   261/399     7.45G   0.04034   0.02233  0.002918   0.06559       103       640    0.8569     0.777    0.8043    0.4223   0.05711   0.04868  0.005173
   262/399     7.45G    0.0398   0.02135  0.002879   0.06403        90       640     0.841    0.8073    0.8168    0.4264   0.05744   0.04829  0.004833
   263/399     7.45G   0.04019   0.02155  0.002786   0.06453       106       640    0.8497    0.7507    0.8108    0.4519   0.05713   0.04747  0.004926
   264/399     7.45G   0.03992   0.02211  0.002622   0.06465        45       640    0.8434    0.7912    0.8178     0.433   0.05783   0.04863  0.004952
   265/399     7.45G   0.04021   0.02206  0.003069   0.06534       102       640    0.8855    0.7829    0.8271    0.4307   0.05752   0.04802  0.004953
   266/399     7.45G   0.03954   0.02227  0.002861   0.06467       105       640    0.8521    0.7766    0.8081    0.4261    0.0581   0.04798  0.004688
   267/399     7.45G   0.03988   0.02332  0.003052   0.06625       109       640    0.9212    0.7754    0.8507    0.4651   0.05776   0.04773  0.004906
   268/399     7.45G    0.0397    0.0218  0.002834   0.06433       117       640    0.9038    0.7573    0.8318    0.4368   0.05824    0.0484  0.004836
   269/399     7.45G   0.03984   0.02244  0.002885   0.06516       104       640    0.8224    0.8023    0.8269    0.4423   0.05713    0.0475  0.005288
   270/399     7.45G   0.03962   0.02278  0.002804   0.06521       110       640    0.9381    0.7497    0.8502    0.4821   0.05586   0.04838  0.005026
   271/399     7.45G   0.03915     0.022  0.002847     0.064        59       640    0.8951    0.7412    0.8331    0.4533   0.05773   0.04842  0.005166
   272/399     7.45G   0.03882    0.0214  0.002532   0.06275       104       640    0.8968    0.7814     0.849    0.4767   0.05643   0.04735  0.005321
   273/399     7.45G    0.0394   0.02242  0.002945   0.06477        64       640    0.9104    0.7792    0.8522    0.4793   0.05554   0.04843  0.005288
   274/399     7.45G   0.03928   0.02183  0.002765   0.06387        45       640    0.9105    0.7639    0.8479    0.4628   0.05676    0.0485    0.0052
   275/399     7.45G   0.03893    0.0212   0.00269   0.06282        87       640     0.887    0.7948    0.8565    0.4574   0.05626   0.04807   0.00485
   276/399     7.45G   0.03975   0.02184  0.002991   0.06458        45       640    0.9017    0.7751    0.8535    0.4447   0.05542   0.05017   0.00441
   277/399     7.45G   0.03888   0.02162  0.002554   0.06305       146       640    0.8611    0.7881    0.8361    0.4472   0.05552   0.04896  0.004723
   278/399     7.45G   0.03848   0.02189  0.002516   0.06288        90       640    0.8532    0.7872    0.8322    0.4515   0.05632   0.05002  0.004638
   279/399     7.45G    0.0393   0.02193  0.002767   0.06399        60       640    0.9044    0.7562    0.8451    0.4523   0.05637   0.04891  0.004786
   280/399     7.45G   0.03937   0.02185  0.002558   0.06378        47       640    0.9214    0.7539    0.8514    0.4606   0.05612   0.04886  0.004598
   281/399     7.45G   0.03918   0.02216  0.002684   0.06402        92       640    0.8811    0.7777    0.8442    0.4362   0.05738   0.04775  0.004938
   282/399     7.45G   0.03946   0.02124  0.002664   0.06336       129       640    0.9211    0.7436    0.8405     0.449   0.05728   0.04894  0.004824
   283/399     7.45G   0.03865   0.02188  0.002624   0.06315        76       640    0.9474    0.7398    0.8454    0.4452   0.05723   0.04784  0.005178
   284/399     7.45G   0.03855   0.02164   0.00258   0.06277        73       640    0.8875    0.7815    0.8454    0.4526   0.05653   0.04803  0.004904
   285/399     7.45G   0.03879   0.02077  0.002352   0.06192        78       640    0.8471    0.8131    0.8399    0.4601    0.0566   0.04851   0.00519
   286/399     7.45G   0.03807   0.02146  0.002486   0.06202       119       640     0.903    0.7699    0.8427    0.4571   0.05577   0.04897   0.00484
   287/399     7.45G   0.03793   0.02111   0.00232   0.06135       117       640    0.9133    0.7785    0.8469     0.479    0.0556   0.04796   0.00476
   288/399     7.45G   0.03853   0.02136  0.002349   0.06224       118       640    0.8806     0.811    0.8545    0.4698   0.05527   0.04899  0.004626
   289/399     7.45G   0.03872   0.02167  0.002592   0.06298        72       640    0.9186    0.7547    0.8441    0.4637   0.05663   0.04762  0.004681
   290/399     7.45G   0.03826   0.02122  0.002506   0.06199       111       640    0.9099    0.7632    0.8522    0.4772   0.05585   0.04744  0.005032
   291/399     7.45G   0.03824    0.0202  0.002738   0.06118        79       640    0.8823    0.7805    0.8479    0.4569   0.05591   0.04833  0.004954
   292/399     7.45G   0.03897   0.02004  0.002729   0.06174       106       640      0.87    0.7556    0.8395    0.4423   0.05706    0.0485  0.004809
   293/399     7.45G    0.0379   0.02099  0.002675   0.06156       147       640    0.8944    0.7718    0.8371     0.432   0.05734   0.04851  0.004618
   294/399     7.45G   0.03757   0.02057  0.002416   0.06056       116       640    0.9084    0.7652    0.8426    0.4609   0.05521     0.049  0.004703
   295/399     7.45G   0.03804   0.02186  0.002463   0.06236       101       640    0.8414    0.8096    0.8494    0.4668   0.05495   0.04991  0.004676
   296/399     7.45G   0.03787   0.02156  0.002487   0.06192       139       640    0.9202    0.7588    0.8445    0.4692   0.05491   0.04921    0.0048
   297/399     7.45G   0.03817   0.02065  0.002764   0.06159        53       640    0.8683    0.8032    0.8523    0.4724   0.05518   0.04914  0.004433
   298/399     7.45G   0.03802   0.02083  0.002542    0.0614        91       640    0.9411    0.7478    0.8591    0.4742   0.05634   0.04861  0.004554
   299/399     7.45G    0.0388   0.02091  0.002846   0.06255        96       640    0.8771    0.7992    0.8572    0.4668   0.05543   0.04908  0.004764
   300/399     7.45G   0.03914   0.02168  0.002684    0.0635        39       640    0.8932    0.7843    0.8523    0.4784   0.05444   0.04952  0.004841
   301/399     7.45G   0.03697   0.02105  0.002547   0.06057       108       640    0.8286    0.7891    0.7857    0.4342    0.0542   0.04975  0.004962
   302/399     7.45G   0.03699   0.02092  0.002335   0.06024        42       640    0.7968    0.8142    0.7983    0.4336   0.05421    0.0502  0.004579
   303/399     7.45G   0.03774   0.02075  0.002509   0.06101        78       640    0.8358    0.7544    0.7712    0.4276   0.05494   0.05014  0.004607
   304/399     7.45G   0.03796   0.02006   0.00273   0.06075        55       640    0.8235    0.7685    0.7852    0.4361   0.05563   0.04942   0.00467
   305/399     7.45G    0.0387   0.02176  0.002837    0.0633       164       640    0.8677    0.7679    0.8009    0.4385   0.05537    0.0502   0.00497
   306/399     7.45G   0.03803   0.02109  0.002407   0.06153       157       640    0.8691    0.8119    0.8418     0.475   0.05393   0.04919  0.004935
   307/399     7.45G   0.03716   0.02039  0.002401   0.05995        67       640    0.9066    0.7976    0.8637    0.4978   0.05379   0.04964   0.00495
   308/399     7.45G   0.03876   0.02086   0.00279   0.06241        72       640    0.8792    0.8166    0.8659    0.4952   0.05551   0.04895  0.005038
   309/399     7.45G   0.03823    0.0223  0.002635   0.06317       102       640    0.9108    0.8033    0.8596    0.4893   0.05451   0.04952  0.004932
