     0/499     7.41G   0.06892   0.05226   0.03255    0.1537        58       640  0.002315   0.03998 0.0003796 6.601e-05    0.1008    0.1258   0.03643
     1/499     7.43G   0.06642   0.05558   0.02918    0.1512       191       640   0.00677  0.004736  0.001047 0.0001954   0.09609    0.1269   0.02964
     2/499     7.43G   0.06586   0.05468   0.02667    0.1472        87       640   0.00904  0.005155  0.001215 0.0001917   0.09511    0.1274   0.02677
     3/499     7.43G   0.06492   0.05483   0.02379    0.1435       346       640  0.009036    0.0216  0.002559 0.0005626   0.09521    0.1298   0.03036
     4/499     7.43G   0.06323   0.05315   0.02115    0.1375        72       640  0.008802   0.08966  0.003685 0.0006842   0.08908    0.1317   0.02145
     5/499     7.43G   0.06066   0.05301    0.0189    0.1326       121       640    0.6126   0.08191   0.02707  0.006785   0.08564    0.1333   0.02374
     6/499     7.43G   0.05926   0.05346    0.0172    0.1299       198       640    0.2918   0.09189   0.05684   0.01823   0.08092    0.1413   0.01952
     7/499     7.43G   0.05762   0.05301    0.0158    0.1264        81       640    0.5095   0.09851    0.0585   0.01529   0.08227     0.141   0.01898
     8/499     7.43G   0.05704   0.05352   0.01436    0.1249       163       640     0.256    0.1388   0.09815   0.02938   0.08045    0.1357    0.0205
     9/499     7.43G   0.05583   0.05377    0.0129    0.1225       303       640    0.7361    0.1285    0.1183   0.03838   0.07562    0.1372   0.01626
    10/499     7.43G   0.05466   0.05187   0.01121    0.1177        69       640    0.7577    0.1661    0.1477   0.04075     0.077    0.1343    0.0138
    11/499     7.43G   0.05449   0.05096   0.01046    0.1159       125       640    0.7563    0.1557    0.1377   0.03728   0.07945    0.1335   0.01341
    12/499     7.43G   0.05326   0.04901  0.009356    0.1116        56       640    0.7824    0.2212    0.2044   0.05968   0.07463      0.13   0.01161
    13/499     7.43G   0.05199   0.04883  0.008174     0.109        86       640    0.7857    0.2059    0.1755   0.04057   0.07807    0.1271   0.01034
    14/499     7.43G   0.05075   0.04646  0.007433    0.1046       186       640     0.696    0.2307    0.2131   0.05024   0.07799    0.1251   0.01062
    15/499     7.43G    0.0496   0.04612  0.006387    0.1021       303       640    0.7689    0.2721    0.2774   0.07662   0.07382    0.1301  0.009855
    16/499     7.43G   0.04917   0.04406  0.006526   0.09975       180       640    0.7423     0.294     0.282   0.07646   0.07251     0.131  0.009357
    17/499     7.43G     0.048   0.04378  0.006027   0.09781       120       640    0.7035    0.2584    0.2394    0.0682    0.0724     0.131  0.008395
    18/499     7.43G   0.04785   0.04341  0.005546   0.09681       152       640    0.7639    0.2978    0.2711   0.06693   0.07343    0.1272  0.008929
    19/499     7.43G   0.04734   0.04203   0.00536   0.09473       153       640       0.8    0.3085    0.3166   0.09145   0.07161    0.1268  0.009034
    20/499     7.43G   0.04642   0.04057  0.005017   0.09201       142       640    0.7892    0.3106    0.3083   0.08716   0.07167    0.1262  0.008731
    21/499     7.43G   0.04621   0.04145    0.0048   0.09245        65       640    0.8141    0.3131    0.3243    0.1014   0.07072     0.132  0.008335
    22/499     7.43G   0.04557   0.04009  0.004664   0.09033        74       640    0.8001    0.3141    0.3223    0.1031   0.07056    0.1262  0.008588
    23/499     7.43G   0.04505    0.0393  0.004296   0.08865        88       640    0.7876    0.2877    0.2956   0.07906   0.07203    0.1282  0.007838
    24/499     7.43G   0.04463   0.03942  0.004164   0.08821       118       640    0.8142    0.3214    0.3303   0.08388   0.07176    0.1308  0.008233
    25/499     7.43G   0.04499   0.03863  0.003969   0.08759       220       640    0.7937    0.3346    0.3313   0.09693   0.07127     0.125  0.007995
    26/499     7.43G   0.04388   0.03898  0.003914   0.08677       124       640     0.833    0.3419    0.3822    0.1159   0.06894    0.1221  0.007959
    27/499     7.43G   0.04449   0.03794  0.003861   0.08628       142       640    0.6758    0.3554    0.3435   0.08409   0.07262    0.1251  0.007285
    28/499     7.43G   0.04375   0.03841   0.00383     0.086       293       640    0.6486    0.3199    0.3254   0.09222   0.07203    0.1321   0.00725
    29/499     7.43G   0.04345   0.03764  0.003828   0.08492        52       640    0.7071    0.3642    0.3727    0.1102   0.06943    0.1277  0.008084
    30/499     7.43G   0.04324   0.03819  0.003692   0.08512       110       640    0.7125    0.3781    0.3702    0.1017   0.07087    0.1292  0.008002
    31/499     7.43G    0.0427   0.03741  0.003468   0.08358       134       640     0.567    0.4139    0.3509   0.09938   0.07129    0.1305  0.007438
    32/499     7.43G   0.04298   0.03633   0.00337   0.08268       276       640    0.5352     0.434    0.3789    0.1091   0.07026    0.1263  0.007869
    33/499     7.43G   0.04222   0.03756  0.003368   0.08315        61       640    0.7643    0.4235    0.4305    0.1171   0.06975    0.1263  0.007365
    34/499     7.43G    0.0422   0.03581  0.003149   0.08116        71       640    0.6168    0.4847    0.4468    0.1453   0.06805    0.1278   0.00688
    35/499     7.43G   0.04201   0.03634  0.003059   0.08141       131       640     0.775    0.3943    0.4122    0.1388   0.06963    0.1217  0.007025
    36/499     7.43G    0.0419   0.03664  0.003131   0.08167        87       640    0.8064     0.416    0.4334    0.1315   0.06879    0.1319  0.006536
    37/499     7.43G   0.04183   0.03664  0.003053   0.08152       161       640     0.581    0.4098    0.3954    0.1126   0.07032    0.1293  0.007004
    38/499     7.43G   0.04098   0.03625  0.002884   0.08011        98       640    0.7092    0.4446    0.4388    0.1348   0.06917    0.1329  0.006834
    39/499     7.43G   0.04065   0.03577  0.002842   0.07926       136       640    0.6789    0.5003    0.4488    0.1278   0.07068    0.1263   0.00637
    40/499     7.43G   0.04021   0.03593   0.00283   0.07897       112       640    0.7566    0.4467    0.4403    0.1382   0.06828    0.1291  0.006762
    41/499     7.43G    0.0401   0.03486  0.002888   0.07785        75       640    0.7555    0.5138    0.5322     0.179   0.06672    0.1251  0.006381
    42/499     7.43G   0.04008   0.03485  0.002738   0.07767        96       640     0.727     0.527    0.5019    0.1798   0.06665    0.1264  0.006779
    43/499     7.43G   0.03981   0.03481  0.002751   0.07737       158       640    0.7062    0.5134    0.4801    0.1829   0.06644    0.1243  0.006421
    44/499     7.43G   0.03914   0.03489  0.002605   0.07664       184       640    0.7576     0.477    0.4709    0.1568   0.06667    0.1269   0.00639
    45/499     7.43G   0.03931   0.03461  0.002685    0.0766       134       640     0.742    0.4935    0.4917    0.1704   0.06617    0.1283  0.005943
    46/499     7.43G   0.03868   0.03454  0.002516   0.07574       107       640     0.818    0.5329    0.5712    0.2209   0.06445    0.1237  0.006247
    47/499     7.43G    0.0383   0.03386  0.002403   0.07457       139       640    0.8078    0.5114    0.5309    0.2125   0.06466    0.1238  0.006692
    48/499     7.43G    0.0383   0.03605  0.002686   0.07703       115       640    0.8301    0.5172    0.5424    0.1845   0.06503    0.1341    0.0061
    49/499     7.43G   0.03796   0.03497  0.002524   0.07545       227       640     0.807     0.501    0.5592    0.2201   0.06412    0.1267  0.006364
    50/499     7.43G   0.03837   0.03547  0.002399   0.07624       216       640    0.7855    0.5098    0.5222    0.2072   0.06474    0.1225  0.006179
    51/499     7.43G   0.03756    0.0342  0.002246   0.07401        98       640    0.7979    0.5451     0.565    0.2321   0.06397    0.1242  0.006449
    52/499     7.43G   0.03742   0.03368  0.002398    0.0735        91       640    0.8488    0.5515    0.6186    0.2625   0.06252    0.1231  0.006349
    53/499     7.43G   0.03784   0.03365  0.002437   0.07392       191       640    0.8219    0.5432    0.5865    0.2371   0.06409    0.1254  0.006237
    54/499     7.43G   0.03744   0.03393  0.002428    0.0738       126       640    0.8402    0.5567    0.5892    0.2473    0.0619    0.1278  0.006128
    55/499     7.43G   0.03693    0.0334   0.00224   0.07256       108       640    0.7794    0.6074    0.5941     0.254   0.06296    0.1238  0.006399
    56/499     7.43G   0.03656   0.03299  0.002218   0.07177       278       640    0.8163    0.5606    0.6053    0.2665     0.061    0.1281  0.006256
    57/499     7.43G   0.03685   0.03436  0.002403   0.07361        90       640    0.8641    0.5614    0.6163    0.2744    0.0611    0.1319  0.006707
    58/499     7.43G   0.03622   0.03338  0.002189   0.07179       152       640    0.8413    0.5373    0.6043    0.2638   0.06217    0.1266  0.006296
    59/499     7.43G   0.03675   0.03256  0.002232   0.07154        99       640    0.8351    0.5745    0.6136    0.2816   0.06122    0.1302  0.006166
    60/499     7.43G   0.03641   0.03382  0.002266   0.07249       106       640    0.8087    0.5341    0.5373    0.2398   0.06124    0.1316   0.00625
    61/499     7.43G   0.03603   0.03301  0.002161    0.0712       163       640    0.8783    0.5628    0.6414    0.2823   0.06103    0.1279  0.006044
    62/499     7.43G   0.03634    0.0334  0.002205   0.07194        87       640    0.7519    0.6283    0.6247      0.27   0.06042     0.128  0.005975
    63/499     7.43G   0.03638   0.03281   0.00228   0.07147       167       640    0.8432    0.5441    0.5885    0.2599   0.06122    0.1254  0.005751
    64/499     7.43G   0.03561   0.03182  0.002011   0.06944       186       640    0.8104       0.6    0.6367    0.2912   0.06093     0.128  0.005845
    65/499     7.43G   0.03514   0.03194  0.002108   0.06918       104       640    0.8717    0.5502     0.635    0.2827   0.06111    0.1337  0.005955
    66/499     7.43G    0.0356   0.03283  0.002181    0.0706        91       640    0.8623    0.5794    0.6102    0.2692   0.06118    0.1322  0.005803
    67/499     7.43G    0.0357   0.03253  0.002183   0.07041       153       640    0.8504     0.567    0.6212    0.2814   0.06134    0.1289  0.005762
    68/499     7.43G   0.03537   0.03315  0.002057   0.07058       116       640    0.8782    0.6028    0.6578     0.294   0.06053    0.1295  0.005909
    69/499     7.43G   0.03557   0.03238  0.002182   0.07013       215       640    0.8533    0.5749    0.6227    0.2779   0.05863    0.1364  0.005597
    70/499     7.43G   0.03547    0.0329  0.001987   0.07036       155       640    0.8329    0.5854    0.6297    0.3068   0.06015    0.1334   0.00576
    71/499     7.43G   0.03532   0.03258  0.002061   0.06996       120       640    0.7851    0.6279    0.6334    0.2966   0.05899     0.136  0.005773
    72/499     7.43G   0.03463    0.0316  0.001854   0.06808       103       640    0.8533    0.5988    0.6539    0.3139   0.05804    0.1347  0.005546
    73/499     7.43G   0.03508   0.03265  0.002003   0.06974        82       640    0.8592    0.5795    0.6313    0.3061   0.05851      0.13  0.005467
    74/499     7.43G   0.03474    0.0328  0.002054   0.06959       234       640    0.9058    0.5592    0.6392    0.3153   0.05903    0.1331  0.005229
    75/499     7.43G   0.03431   0.03274  0.001934   0.06898       287       640    0.8635    0.5789    0.6204    0.3013   0.05977    0.1311  0.005459
    76/499     7.43G   0.03463   0.03227  0.001942   0.06884       174       640    0.8668    0.5788    0.6544    0.3143   0.05895    0.1358  0.005486
    77/499     7.43G   0.03448   0.03303  0.001987    0.0695        49       640    0.8621    0.5818     0.649    0.3109   0.05918    0.1381  0.005756
    78/499     7.43G   0.03462   0.03199  0.001896   0.06851        69       640    0.8739     0.571    0.6444    0.3056   0.05904    0.1373  0.005779
    79/499     7.43G   0.03393   0.03066  0.001825   0.06642       105       640    0.8672    0.5737    0.6193    0.3168   0.05899    0.1385  0.005264
    80/499     7.43G   0.03431   0.03217  0.001894   0.06837       255       640    0.8954    0.6279    0.6622    0.3287   0.05849     0.137  0.005965
    81/499     7.43G   0.03436   0.03285  0.002024   0.06922       158       640    0.8416    0.5833    0.6292    0.3227   0.05837     0.141   0.00575
    82/499     7.43G   0.03391    0.0322   0.00193   0.06804       197       640    0.8924    0.5788     0.648    0.3174   0.05797    0.1328  0.005457
    83/499     7.43G   0.03366   0.03123  0.001847   0.06674       105       640    0.8862    0.5771    0.6348    0.3173   0.05787    0.1361  0.005603
    84/499     7.43G   0.03396    0.0316  0.001786   0.06735       104       640    0.8711    0.5809    0.6159    0.3014   0.05692      0.14  0.005355
    85/499     7.43G   0.03328   0.03141  0.001837   0.06653       153       640    0.8532     0.581    0.6245    0.3105   0.06021    0.1395  0.005193
    86/499     7.43G   0.03333   0.03016  0.001803    0.0653        99       640    0.9052    0.5675    0.6399    0.3395   0.05776    0.1385   0.00527
    87/499     7.43G   0.03383   0.03068  0.001889    0.0664       216       640    0.7332     0.679    0.6478    0.3271   0.05758    0.1355  0.005203
    88/499     7.43G   0.03342    0.0308  0.001788     0.066        90       640    0.8989     0.568    0.6198     0.307   0.05675    0.1457  0.004811
    89/499     7.43G    0.0335   0.03059  0.001845   0.06594        44       640    0.8865     0.591    0.6582     0.316   0.05795    0.1361   0.00538
    90/499     7.43G   0.03324    0.0308  0.001809   0.06585       171       640    0.9175    0.5869    0.6658    0.3343   0.05553    0.1458  0.005087
    91/499     7.43G   0.03319   0.03027  0.001725   0.06519       163       640    0.9008     0.587    0.6509    0.3289     0.058    0.1382  0.005117
    92/499     7.43G   0.03317   0.03066   0.00181   0.06564       124       640    0.8784    0.5786    0.6237    0.3105    0.0583    0.1435  0.005376
    93/499     7.43G   0.03282   0.02985  0.001636    0.0643       111       640    0.8932     0.573    0.6384    0.3338   0.05745    0.1392  0.005233
    94/499     7.43G   0.03318   0.03108  0.001829   0.06609       152       640     0.928    0.5832    0.6445    0.3445   0.05583    0.1422   0.00519
    95/499     7.43G   0.03273   0.03004  0.001723   0.06449        90       640    0.8857    0.5731    0.6377    0.3273   0.05812    0.1431  0.005463
    96/499     7.43G   0.03322   0.03111  0.001796   0.06613        85       640    0.8099    0.6217    0.6761    0.3315   0.05672    0.1449  0.005765
    97/499     7.43G   0.03292    0.0316  0.001741   0.06626        67       640    0.8002    0.6457    0.6544    0.3254   0.05645    0.1472  0.005554
    98/499     7.43G   0.03235   0.03037  0.001679    0.0644        98       640    0.8835    0.5794    0.6638    0.3386   0.05706    0.1359   0.00516
    99/499     7.43G   0.03213   0.03031  0.001712   0.06416       148       640    0.8316    0.6346    0.6794    0.3281   0.05712    0.1481  0.005067
   100/499     7.43G   0.03203   0.02973  0.001589   0.06335        84       640     0.754    0.7378    0.6895    0.3432   0.05542    0.1481  0.005388
   101/499     7.43G   0.03215   0.03098  0.001671   0.06481       190       640    0.8652    0.5826    0.6499    0.3303   0.05581    0.1472   0.00511
   102/499     7.43G   0.03237   0.03053  0.001652   0.06455       201       640    0.9107    0.6046     0.655    0.3312   0.05711    0.1415  0.004993
   103/499     7.43G   0.03168   0.02976   0.00156     0.063        96       640    0.7534    0.6609    0.6323    0.3279   0.05726    0.1469   0.00553
   104/499     7.43G   0.03199    0.0303  0.001692   0.06398       128       640    0.8007    0.6393    0.6476    0.3361   0.05644    0.1456  0.005331
   105/499     7.43G   0.03236   0.03069  0.001682   0.06473       127       640    0.9007      0.57    0.6331    0.3241   0.05753    0.1425  0.005273
   106/499     7.43G   0.03222    0.0313  0.001747   0.06526       132       640    0.8625    0.6307    0.6817    0.3585    0.0561    0.1373  0.004914
   107/499     7.43G   0.03224    0.0304  0.001626   0.06426       245       640      0.89     0.666     0.718    0.3703   0.05461    0.1442  0.004996
   108/499     7.43G   0.03229   0.02976  0.001628   0.06369       103       640    0.8568    0.6523    0.6786    0.3531   0.05607    0.1473  0.005131
   109/499     7.43G    0.0319   0.02962  0.001698   0.06322       172       640     0.871    0.6448    0.6972    0.3668   0.05492    0.1443  0.005123
   110/499     7.43G   0.03195   0.03058  0.001684   0.06421       124       640     0.832    0.6392    0.6704    0.3532   0.05674    0.1464    0.0052
   111/499     7.43G   0.03206   0.02937  0.001608   0.06304        71       640    0.8962    0.6179    0.6787    0.3542   0.05602    0.1443  0.005174
   112/499     7.43G   0.03218      0.03  0.001663   0.06385       167       640    0.8361    0.6118    0.6643    0.3493   0.05658    0.1474  0.005381
   113/499     7.43G   0.03161   0.02972  0.001699   0.06303       183       640    0.7833    0.6707     0.686    0.3554   0.05599    0.1515  0.005562
   114/499     7.43G   0.03182   0.03015    0.0016   0.06358       170       640    0.7691    0.7017    0.6875     0.361   0.05497    0.1436  0.005341
   115/499     7.43G   0.03169   0.02978  0.001651   0.06312       120       640    0.7928    0.6766    0.7025    0.3692   0.05551     0.143  0.005095
   116/499     7.43G   0.03163   0.03051  0.001695   0.06383        80       640    0.8414    0.7045    0.7072    0.3496   0.05581    0.1474  0.005501
   117/499     7.43G   0.03175   0.02983  0.001523    0.0631       195       640    0.7958    0.6507    0.6703    0.3561   0.05636    0.1473  0.005597
   118/499     7.43G   0.03132    0.0293  0.001597   0.06221       106       640    0.9037    0.6463    0.7122    0.3523   0.05617    0.1461  0.005485
   119/499     7.43G   0.03111   0.02889  0.001531   0.06153       113       640    0.8391    0.6845     0.697    0.3531   0.05496    0.1522  0.005105
   120/499     7.43G   0.03156   0.02975  0.001607   0.06292       102       640    0.7625    0.6779    0.6565    0.3276   0.05605    0.1482  0.004976
   121/499     7.43G   0.03112   0.02946  0.001722   0.06231        50       640    0.8538    0.6818    0.7169    0.3719   0.05622    0.1484  0.005183
   122/499     7.43G   0.03138   0.03015  0.001686   0.06321       136       640    0.8509    0.6786    0.7033    0.3652   0.05551    0.1454  0.004758
   123/499     7.43G   0.03114    0.0296  0.001697   0.06243        60       640     0.835    0.6767    0.6905     0.365   0.05624    0.1459  0.005261
   124/499     7.43G   0.03097   0.02915  0.001562   0.06168       114       640    0.7946    0.6765    0.6862    0.3576   0.05584    0.1482  0.005483
   125/499     7.43G   0.03141   0.02994  0.001621   0.06297       141       640    0.8286    0.6748    0.7007    0.3759   0.05489     0.149  0.005465
   126/499     7.43G   0.03052   0.02903  0.001428   0.06098       308       640    0.7696    0.6838     0.685    0.3637   0.05675    0.1448  0.005298
   127/499     7.43G   0.03067   0.02943  0.001529   0.06163        59       640    0.7577    0.6933     0.682     0.354   0.05624    0.1495  0.005738
   128/499     7.43G   0.03115   0.02837  0.001597   0.06111       135       640    0.7469    0.7008    0.6861    0.3554   0.05503    0.1517  0.005857
   129/499     7.43G   0.03075    0.0296  0.001588   0.06194       119       640    0.7815    0.6642    0.6944    0.3522   0.05504    0.1527  0.005295
   130/499     7.43G   0.03082   0.02978  0.001519   0.06211       146       640    0.8564    0.6421    0.6941     0.355   0.05567    0.1496   0.00505
   131/499     7.43G   0.03096   0.02971  0.001596   0.06226       146       640    0.7734    0.6685    0.6761    0.3605   0.05482    0.1522   0.00512
   132/499     7.43G   0.03047   0.02876  0.001582   0.06082       265       640    0.8442    0.6437    0.6791    0.3582   0.05545    0.1508  0.004894
   133/499     7.43G   0.03072   0.02941  0.001456   0.06158       192       640    0.7598    0.6953    0.6762    0.3608   0.05478    0.1551  0.005125
   134/499     7.43G   0.03058   0.02926  0.001574   0.06142       168       640    0.8301    0.6765    0.7173    0.3638   0.05474    0.1564   0.00523
   135/499     7.43G   0.03057   0.03001  0.001584   0.06217       152       640     0.869    0.6282     0.688    0.3431   0.05415    0.1509  0.004978
   136/499     7.43G   0.03027   0.02882  0.001549   0.06064        95       640    0.8146    0.7092    0.6985    0.3553   0.05541    0.1483  0.005393
   137/499     7.43G   0.03038   0.02917  0.001459   0.06101        96       640    0.8277    0.6674    0.6859    0.3614   0.05461    0.1515  0.004999
   138/499     7.43G   0.03023   0.02948  0.001554   0.06127       166       640    0.8186     0.683    0.7016     0.377   0.05408    0.1553  0.004996
   139/499     7.43G   0.03064   0.02937  0.001482    0.0615        83       640    0.8839    0.6759    0.7222    0.3659   0.05389    0.1531  0.004833
   140/499     7.43G      0.03   0.02969  0.001449   0.06114       193       640    0.8156    0.7024    0.7021    0.3466   0.05372    0.1544  0.004829
   141/499     7.43G   0.02972   0.02844  0.001441    0.0596        77       640    0.8081    0.6853     0.704    0.3617   0.05391    0.1547  0.004664
   142/499     7.43G   0.03024   0.02977  0.001589    0.0616       129       640    0.8213    0.6393    0.6694    0.3444   0.05454    0.1554  0.004889
   143/499     7.43G   0.03015   0.02834  0.001465   0.05995        87       640    0.8412    0.7219    0.7312    0.3612   0.05498    0.1477  0.005098
   144/499     7.43G   0.02963   0.02908  0.001395    0.0601       118       640    0.8384    0.7006    0.7254    0.3886   0.05399    0.1606  0.004805
   145/499     7.43G   0.02983   0.02846  0.001432   0.05972       167       640    0.7854    0.7108    0.7061    0.3854   0.05325    0.1631  0.004727
   146/499     7.43G   0.03016   0.02855  0.001324   0.06003       150       640    0.7546    0.7115    0.6938    0.3643   0.05478    0.1599  0.004742
   147/499     7.43G   0.02955   0.02876  0.001346   0.05966       168       640    0.8634    0.6831    0.7234    0.3751   0.05476    0.1535  0.005007
   148/499     7.43G   0.02992   0.02958  0.001495   0.06099       162       640    0.8722    0.6884    0.7147    0.3815   0.05389    0.1562  0.004757
   149/499     7.43G   0.02994   0.02853   0.00148   0.05995        72       640    0.9062    0.6659    0.7312    0.3859   0.05425    0.1538  0.005097
   150/499     7.43G    0.0301   0.02901  0.001467   0.06057       193       640    0.8652    0.6933    0.7393    0.3883   0.05475    0.1553  0.005228
   151/499     7.43G   0.03017   0.02939  0.001473   0.06104       202       640    0.8939    0.6622    0.7275    0.3789   0.05321    0.1548  0.004956
   152/499     7.43G   0.03003   0.02857  0.001456   0.06005        52       640    0.9303    0.6394    0.7194    0.3763   0.05427    0.1536  0.004873
   153/499     7.43G   0.02989    0.0286  0.001409    0.0599        71       640    0.9409    0.6277     0.722    0.3751   0.05355    0.1545  0.005178
   154/499     7.43G   0.02995   0.02981  0.001531   0.06129       158       640    0.8703    0.6938    0.7267    0.3852   0.05209    0.1613  0.004977
   155/499     7.43G   0.02945   0.02866  0.001426   0.05954       139       640    0.8174    0.7569     0.715    0.3742    0.0534    0.1596  0.005378
   156/499     7.43G   0.02928   0.02867  0.001332   0.05928       299       640    0.8461    0.7332    0.7445    0.3919   0.05345    0.1599  0.005184
   157/499     7.43G   0.02941   0.02806  0.001436   0.05891       179       640    0.8408     0.687    0.7129    0.3779   0.05211    0.1628  0.004945
   158/499     7.43G   0.02921   0.02817   0.00137   0.05876       156       640    0.8852    0.6801    0.7353    0.3755   0.05266    0.1608  0.004843
   159/499     7.43G   0.02936   0.02896  0.001419   0.05975       149       640     0.781    0.7338    0.7104    0.3711   0.05246    0.1619  0.004827
   160/499     7.43G   0.02912    0.0282  0.001409   0.05873       228       640    0.8504    0.7215     0.733    0.3838   0.05127    0.1734  0.004834
   161/499     7.43G   0.02893   0.02787   0.00135   0.05815        88       640     0.917    0.7158    0.7653    0.4015   0.05233    0.1636  0.004751
   162/499     7.43G   0.02877   0.02809  0.001286   0.05815       132       640    0.8633    0.6568    0.7178    0.3703   0.05291     0.162  0.004705
   163/499     7.43G   0.02912   0.02937  0.001369   0.05985        92       640     0.809    0.6934    0.7174    0.3683   0.05394    0.1574  0.004832
   164/499     7.43G   0.02854   0.02786  0.001418   0.05782       112       640    0.8467    0.7155    0.7408    0.3663   0.05326    0.1557  0.004556
   165/499     7.43G   0.02908   0.02825  0.001402   0.05873       145       640    0.8498    0.7046    0.7078    0.3627   0.05248    0.1625  0.004566
   166/499     7.43G   0.02884   0.02837  0.001307   0.05852       105       640    0.8923    0.6918    0.7239    0.3752   0.05258    0.1672   0.00444
   167/499     7.43G   0.02874   0.02764   0.00128   0.05767       102       640    0.7942    0.7457    0.7026    0.3625   0.05244    0.1685  0.004674
   168/499     7.43G   0.02895   0.02903  0.001487   0.05947        87       640    0.9225     0.683     0.746    0.3837   0.05297    0.1606   0.00493
   169/499     7.43G    0.0288   0.02802  0.001346   0.05817       186       640    0.7993    0.6736    0.7023    0.3618   0.05266    0.1617  0.005016
   170/499     7.43G   0.02912   0.02833  0.001356    0.0588       160       640    0.8755    0.7069    0.7432    0.3847   0.05153    0.1635  0.004793
   171/499     7.43G   0.02848    0.0281  0.001386   0.05797       197       640    0.8981    0.7106    0.7442    0.3839   0.05145    0.1678  0.004717
   172/499     7.43G    0.0287   0.02799  0.001344   0.05803       124       640    0.8946    0.7188    0.7462    0.3803   0.05148    0.1647  0.004848
   173/499     7.43G   0.02871   0.02764   0.00133   0.05768       183       640    0.8944    0.6952    0.7381    0.3723   0.05165    0.1639  0.004709
   174/499     7.43G   0.02884   0.02878   0.00137   0.05899       120       640     0.848    0.7045    0.7142    0.3694   0.05356    0.1616  0.004974
   175/499     7.43G   0.02902   0.02834  0.001443   0.05881       110       640    0.8705    0.7033     0.731    0.3843   0.05159    0.1603  0.004612
   176/499     7.43G    0.0289    0.0281  0.001353   0.05836       179       640    0.8649    0.7078     0.742    0.3851   0.05117    0.1685  0.004924
   177/499     7.43G   0.02829   0.02716  0.001324   0.05677       152       640    0.9238    0.6549    0.7396    0.3806   0.05213    0.1599  0.005431
   178/499     7.43G   0.02799   0.02753  0.001342   0.05686       186       640    0.8393    0.7474    0.7609     0.401   0.05205    0.1588  0.004973
   179/499     7.43G    0.0286     0.028  0.001333   0.05793       142       640    0.8245    0.7463    0.7545    0.3921    0.0525    0.1618  0.004643
   180/499     7.43G    0.0283   0.02816  0.001366   0.05782       176       640    0.8923    0.6433    0.7434    0.3882   0.05277    0.1577  0.004845
   181/499     7.43G   0.02829   0.02764   0.00121   0.05714        94       640    0.8249    0.7392    0.7488    0.3908    0.0535    0.1596  0.004809
   182/499     7.43G   0.02831   0.02838  0.001324   0.05801       131       640    0.8013    0.7503    0.7282     0.392   0.05326    0.1598  0.004707
   183/499     7.43G   0.02833   0.02777  0.001286   0.05738       150       640    0.8285    0.6778    0.7083    0.3715   0.05239     0.166  0.004643
   184/499     7.43G   0.02801   0.02759  0.001292    0.0569        98       640    0.9424    0.6418    0.7342    0.3779   0.05218    0.1618  0.004658
   185/499     7.43G   0.02803   0.02833  0.001371   0.05773       220       640     0.869    0.7076    0.7529     0.392   0.05027    0.1696  0.004604
   186/499     7.43G   0.02814    0.0285  0.001241   0.05788        88       640    0.8323    0.7337    0.7297    0.3828   0.05154    0.1689  0.004753
   187/499     7.43G     0.028   0.02803  0.001296   0.05732        74       640    0.8364    0.7131    0.7295    0.3831   0.05108    0.1667  0.004613
   188/499     7.43G   0.02857   0.02765  0.001272    0.0575       129       640    0.8675    0.6753    0.7359    0.3858    0.0516    0.1654  0.004611
   189/499     7.43G   0.02851   0.02761  0.001298   0.05742       212       640    0.8311    0.6755    0.6975    0.3691   0.05238     0.168  0.004707
   190/499     7.43G   0.02842   0.02758  0.001282   0.05727       119       640    0.8925    0.6329    0.7129    0.3757   0.05131    0.1682   0.00441
   191/499     7.43G   0.02802   0.02706  0.001335   0.05641       133       640    0.8617    0.6924    0.7475    0.3967   0.05124    0.1646  0.004143
   192/499     7.43G   0.02823   0.02732  0.001356    0.0569       177       640    0.8605    0.6789    0.7346    0.3977   0.05115    0.1638  0.004186
   193/499     7.43G    0.0287   0.02786  0.001447   0.05801       138       640    0.8562    0.6827    0.7377    0.3881   0.05167    0.1634  0.004378
   194/499     7.43G   0.02773   0.02831  0.001265    0.0573       188       640    0.8508    0.6813    0.7447    0.3957   0.05222    0.1611  0.004544
   195/499     7.43G   0.02791    0.0281   0.00137   0.05738        95       640    0.9206    0.6756    0.7479    0.3907    0.0511    0.1635  0.004527
   196/499     7.43G   0.02801   0.02846  0.001355   0.05783        77       640    0.8698    0.7085    0.7371    0.3949   0.05145    0.1643  0.004304
   197/499     7.43G   0.02784   0.02705  0.001202   0.05609       236       640     0.874    0.7037    0.7204    0.3938    0.0512    0.1684  0.004373
   198/499     7.43G   0.02767   0.02722   0.00129   0.05618       163       640    0.8905    0.7016    0.7468    0.3976   0.05127    0.1681  0.004452
   199/499     7.43G   0.02756   0.02697  0.001236   0.05577        94       640    0.8722    0.7025    0.7293    0.3902   0.05251    0.1691  0.004589
   200/499     7.43G   0.02768   0.02714  0.001228   0.05606       130       640    0.8532    0.7153    0.7305    0.3892   0.05183     0.168  0.004726
   201/499     7.43G   0.02776   0.02686  0.001261   0.05588       110       640    0.9173    0.6731    0.7233    0.3876   0.05186    0.1702  0.004447
   202/499     7.43G   0.02779   0.02806  0.001289   0.05714        94       640    0.8549    0.6797    0.7379    0.3878   0.05119    0.1705  0.004516
   203/499     7.43G   0.02777   0.02829  0.001314   0.05737       123       640    0.8199    0.6996    0.7037    0.3708    0.0525    0.1649  0.004809
   204/499     7.43G   0.02764   0.02747  0.001385    0.0565       286       640     0.819    0.7231    0.7347    0.3972   0.05326    0.1669  0.004639
   205/499     7.43G   0.02727   0.02706   0.00117   0.05549       104       640     0.868    0.6987    0.7433    0.3971   0.05234    0.1686  0.004762
   206/499     7.43G   0.02781    0.0267  0.001311   0.05582        67       640    0.8855    0.7001    0.7348    0.3863   0.05154    0.1667  0.004698
   207/499     7.43G   0.02788   0.02776  0.001285   0.05692       113       640    0.8475    0.6963    0.7362    0.3868   0.05241    0.1628  0.005054
   208/499     7.43G    0.0271   0.02784  0.001253    0.0562       163       640    0.8696    0.7248    0.7468    0.3941   0.05123    0.1633  0.004625
   209/499     7.43G   0.02738    0.0275  0.001236   0.05612       102       640    0.9004    0.6686    0.7497    0.3961   0.05124    0.1704  0.004595
   210/499     7.43G   0.02798    0.0283  0.001392   0.05767        74       640      0.81    0.7025    0.7127     0.374   0.05174    0.1671  0.004717
   211/499     7.43G   0.02711   0.02635  0.001294   0.05475        84       640    0.8283    0.7194     0.736    0.3768   0.05113    0.1693  0.004624
   212/499     7.43G   0.02768   0.02834  0.001313   0.05733        72       640    0.8152    0.7509    0.7424    0.4014    0.0514    0.1664  0.004733
   213/499     7.43G   0.02719   0.02683  0.001162   0.05519       149       640    0.9188    0.6995    0.7538    0.4026   0.05038    0.1708  0.004502
   214/499     7.43G   0.02725   0.02681  0.001243   0.05531       134       640    0.8587    0.7426    0.7605    0.3896   0.05114    0.1673  0.004745
   215/499     7.43G   0.02719   0.02709  0.001201   0.05548       173       640    0.8329    0.7489    0.7459    0.3881   0.05144    0.1648  0.005144
   216/499     7.43G   0.02716   0.02704  0.001276   0.05548        92       640    0.8687     0.729    0.7529    0.3864   0.05196    0.1669  0.004533
   217/499     7.43G   0.02743   0.02803  0.001271   0.05672        58       640    0.8348    0.7303    0.7409    0.3818   0.05125    0.1695  0.004409
   218/499     7.43G   0.02705    0.0273  0.001246    0.0556        87       640    0.8363     0.683    0.7153    0.3753    0.0503    0.1763  0.004329
   219/499     7.43G   0.02702   0.02645  0.001262   0.05473       316       640    0.8646    0.6742     0.721     0.395   0.04997    0.1769  0.004418
   220/499     7.43G   0.02729   0.02729  0.001193   0.05577       120       640    0.9115    0.6758    0.7406    0.3737   0.05101     0.168  0.004698
   221/499     7.43G   0.02674    0.0261  0.001107   0.05395        86       640     0.916    0.6862    0.7503     0.396   0.05068    0.1709  0.004694
   222/499     7.43G   0.02711   0.02718  0.001273   0.05557        96       640    0.8552    0.7326    0.7566    0.4082    0.0508    0.1681  0.004563
   223/499     7.43G   0.02698   0.02672  0.001177   0.05487        58       640    0.8757    0.6935    0.7579    0.4053   0.05158    0.1685  0.004605
   224/499     7.43G   0.02665   0.02737  0.001161   0.05518       108       640    0.8156    0.7097    0.7299    0.4016   0.05177    0.1708  0.004771
   225/499     7.43G   0.02672   0.02757  0.001246   0.05554       156       640    0.8638    0.7038    0.7577    0.4045   0.05213    0.1691  0.004512
   226/499     7.43G   0.02695   0.02767  0.001222   0.05584       139       640    0.9015    0.6958    0.7683     0.401   0.05256    0.1645  0.004541
   227/499     7.43G     0.027   0.02707  0.001214   0.05528        94       640    0.8469     0.699    0.7425    0.3928   0.05173    0.1683  0.004645
   228/499     7.43G   0.02661   0.02748  0.001207    0.0553       128       640    0.8654    0.6992    0.7437    0.3974   0.05215    0.1681  0.004711
   229/499     7.43G   0.02683   0.02721   0.00118   0.05523       150       640    0.9241      0.69    0.7681    0.3992    0.0516    0.1698  0.004533
   230/499     7.43G   0.02647   0.02726  0.001183   0.05491       184       640    0.8925     0.701    0.7517    0.3887   0.05162    0.1705  0.004657
   231/499     7.43G   0.02656   0.02738  0.001233   0.05517       198       640    0.8873    0.6868     0.749      0.39   0.05237    0.1704  0.004636
   232/499     7.43G   0.02669   0.02712  0.001311   0.05512       151       640    0.8744    0.6802    0.7369    0.3896   0.05221     0.171   0.00488
   233/499     7.43G   0.02595   0.02567  0.001081   0.05271       110       640    0.8796    0.6777    0.7363    0.4001   0.05177    0.1715  0.004797
   234/499     7.43G   0.02668    0.0265  0.001234   0.05441       168       640     0.926    0.6494    0.7346    0.3892   0.05095    0.1728  0.004523
   235/499     7.43G   0.02683   0.02629  0.001249   0.05436       121       640    0.9293    0.6417    0.7276    0.3954   0.05027    0.1781  0.004338
   236/499     7.43G   0.02683   0.02761  0.001218   0.05565       162       640    0.8256    0.6922    0.7277    0.3949   0.05072    0.1736  0.004453
   237/499     7.43G   0.02617    0.0266  0.001174   0.05394       193       640    0.8556    0.6808     0.733     0.403   0.05067    0.1738  0.004443
   238/499     7.43G   0.02678   0.02666  0.001162    0.0546        81       640    0.8659    0.6716    0.7261    0.4041   0.05191    0.1703   0.00463
   239/499     7.43G   0.02621   0.02656  0.001117   0.05389        89       640    0.8753    0.6803    0.7298    0.3995   0.05098    0.1729  0.004766
   240/499     7.43G   0.02616   0.02633  0.001239   0.05372        72       640    0.8595    0.6968    0.7302    0.4029   0.05044    0.1741  0.004747
   241/499     7.43G   0.02696   0.02654  0.001275   0.05478       182       640    0.8345    0.7065    0.7241     0.392   0.05096    0.1756  0.004574
   242/499     7.43G   0.02596    0.0268  0.001163   0.05392       158       640     0.834    0.6816    0.7191    0.3894    0.0511    0.1752   0.00467
   243/499     7.43G   0.02636   0.02717  0.001163    0.0547       103       640    0.8434    0.6823    0.7352     0.399   0.05165    0.1732  0.004808
   244/499     7.43G   0.02598   0.02606  0.001073   0.05311        58       640    0.8428    0.6765    0.7316    0.3982   0.05125    0.1714   0.00447
   245/499     7.43G    0.0261   0.02689  0.001113   0.05411       201       640    0.8601    0.6909    0.7323    0.3973   0.05192    0.1686  0.004603
   246/499     7.43G    0.0265   0.02663  0.001195   0.05432       243       640    0.8783    0.6792    0.7311    0.4009   0.05294    0.1667  0.004791
   247/499     7.43G   0.02639   0.02669  0.001201   0.05427       149       640    0.8545    0.6875    0.7273    0.4001   0.05147    0.1725  0.004617
   248/499     7.43G   0.02609   0.02677   0.00113   0.05399       101       640    0.8765    0.6791    0.7379    0.4023   0.05109    0.1763  0.004439
   249/499     7.43G    0.0262   0.02676  0.001152   0.05412       237       640    0.8548    0.6961    0.7331    0.3996    0.0515    0.1765  0.004588
   250/499     7.43G   0.02596   0.02652  0.001198   0.05367       117       640    0.9407    0.6628    0.7531    0.3992   0.05115    0.1733  0.004537
   251/499     7.43G   0.02597   0.02584  0.001102   0.05291       133       640    0.8475    0.7325    0.7613    0.4114   0.05121    0.1745  0.004644
   252/499     7.43G   0.02618   0.02676  0.001097   0.05404       132       640    0.8605     0.707    0.7439    0.4076   0.05092    0.1744  0.004558
   253/499     7.43G    0.0258   0.02671  0.001206   0.05371        87       640    0.8445    0.7082    0.7417    0.4038   0.05111    0.1738  0.004638
   254/499     7.43G   0.02592   0.02549  0.001044   0.05245       173       640    0.8968    0.6637    0.7371    0.3989   0.05144    0.1739  0.004704
   255/499     7.43G   0.02573   0.02512  0.001071   0.05192       163       640    0.9387    0.6659    0.7479    0.3952   0.05169    0.1729  0.004661
   256/499     7.43G   0.02627   0.02679  0.001207   0.05427        97       640    0.9304    0.6683    0.7491    0.3901   0.05213     0.172  0.004707
   257/499     7.43G     0.026   0.02612  0.001075    0.0532       242       640    0.8924    0.6663    0.7322    0.3781   0.05257     0.172  0.004929
   258/499     7.43G   0.02594   0.02655  0.001245   0.05373       157       640    0.8691    0.6791    0.7292    0.3958   0.05202    0.1747  0.004761
   259/499     7.43G   0.02586   0.02551  0.001125    0.0525       117       640    0.8616    0.6831     0.726    0.3954    0.0514    0.1734  0.004489
   260/499     7.43G   0.02623   0.02564  0.001201   0.05307        90       640    0.8686    0.6846    0.7243    0.4037   0.05063    0.1764  0.004494
   261/499     7.43G   0.02601   0.02696  0.001213   0.05418        74       640    0.8637    0.7036    0.7287    0.4027   0.05093    0.1756   0.00456
   262/499     7.43G   0.02533   0.02593  0.001131   0.05239       142       640    0.8779    0.7167    0.7323     0.399   0.05115    0.1752  0.004678
   263/499     7.43G   0.02641   0.02705   0.00121   0.05468        73       640      0.87    0.6952    0.7377    0.3985   0.05157    0.1756   0.00448
   264/499     7.43G   0.02543   0.02554  0.001112   0.05209       127       640    0.8486    0.6818    0.7299    0.3915    0.0524    0.1749  0.004499
   265/499     7.43G   0.02562   0.02654  0.001152   0.05331       126       640    0.8972    0.6768    0.7381    0.4076   0.05245    0.1746  0.004496
   266/499     7.43G   0.02595   0.02637  0.001288   0.05361        96       640    0.8957    0.6982    0.7459    0.4088   0.05186    0.1747  0.004615
   267/499     7.43G   0.02535    0.0265  0.001114   0.05296       175       640    0.8865    0.7002    0.7446     0.405   0.05203    0.1721    0.0047
   268/499     7.43G   0.02545   0.02637  0.001159   0.05298       193       640     0.895    0.6733    0.7388    0.3967   0.05141    0.1729  0.004576
   269/499     7.43G   0.02549   0.02661  0.001068   0.05316       190       640    0.9359    0.6706    0.7512    0.4011   0.05095    0.1749  0.004361
   270/499     7.43G   0.02557     0.026   0.00116   0.05273       133       640    0.9009    0.6666    0.7447    0.4056   0.05158     0.176  0.004365
   271/499     7.43G   0.02544   0.02612  0.001055   0.05262       165       640    0.9297     0.661    0.7528    0.4064   0.05213    0.1756  0.004376
   272/499     7.43G   0.02539   0.02651 0.0009553   0.05285       101       640    0.9286    0.6511    0.7477    0.4086   0.05238    0.1761  0.004548
   273/499     7.43G   0.02491   0.02538  0.001032   0.05132        96       640    0.8689    0.6971    0.7505     0.408   0.05158    0.1772  0.004535
   274/499     7.43G   0.02503   0.02613  0.001085   0.05225       101       640     0.862    0.7056    0.7555    0.4045    0.0517    0.1759  0.004519
   275/499     7.43G   0.02548   0.02532  0.001132   0.05193       126       640     0.951    0.6506    0.7538    0.4032   0.05146    0.1759  0.004538
   276/499     7.43G   0.02527   0.02588   0.00107   0.05223       107       640    0.9491    0.6551    0.7479    0.4019   0.05084    0.1769  0.004435
   277/499     7.43G   0.02548   0.02617  0.001106   0.05275        65       640    0.9392      0.66    0.7444    0.3997    0.0509    0.1751  0.004491
   278/499     7.43G   0.02522   0.02625   0.00125   0.05272       174       640    0.8645    0.6368    0.7155    0.4015   0.05096    0.1743  0.004761
   279/499     7.43G   0.02534   0.02626  0.001104   0.05271       131       640    0.7829    0.7242    0.7094    0.3932   0.05058    0.1759   0.00471
   280/499     7.43G   0.02567   0.02642  0.001176   0.05327        48       640     0.894    0.6662    0.7365    0.4006    0.0499    0.1796  0.004691
   281/499     7.43G   0.02534   0.02549  0.001075   0.05191       149       640    0.8969    0.6674    0.7395    0.4023   0.05008    0.1776  0.004756
   282/499     7.43G   0.02539    0.0253  0.001016   0.05171       127       640    0.8819    0.6657    0.7396    0.4063    0.0503    0.1769  0.004624
   283/499     7.43G   0.02535   0.02651  0.001097   0.05296       110       640    0.8979    0.6682    0.7422    0.4055   0.05126    0.1738   0.00451
   284/499     7.43G   0.02547   0.02539   0.00112   0.05198       143       640    0.8405    0.7057    0.7351    0.4009   0.05189    0.1743  0.004449
   285/499     7.43G   0.02524   0.02648  0.001114   0.05283       132       640    0.8494    0.6811     0.725    0.3952   0.05251    0.1727   0.00461
   286/499     7.43G   0.02505   0.02506  0.001052   0.05117       187       640    0.8522    0.6689    0.7321    0.3982   0.05252    0.1736  0.004477
   287/499     7.43G   0.02494    0.0257  0.001107   0.05174       122       640    0.9407    0.6272    0.7315    0.3972   0.05207    0.1729  0.004311
   288/499     7.43G   0.02482   0.02554  0.001097   0.05146       234       640     0.879    0.6662    0.7412    0.3979   0.05177    0.1742  0.004485
   289/499     7.43G    0.0254   0.02573  0.001101   0.05223        90       640    0.8782    0.6694    0.7436    0.3968   0.05198     0.174   0.00461
   290/499     7.43G   0.02471   0.02542  0.001011   0.05114        83       640     0.877    0.6738    0.7375    0.4009   0.05192    0.1766  0.004671
   291/499     7.43G   0.02485   0.02608  0.001061   0.05198        67       640     0.873    0.6733    0.7339    0.4012   0.05185     0.177   0.00483
   292/499     7.43G   0.02475   0.02518  0.001068     0.051        63       640    0.8769    0.6742    0.7462    0.4019   0.05144    0.1766  0.004821
   293/499     7.43G    0.0252   0.02579  0.001089   0.05207       110       640    0.8285    0.7252    0.7458    0.3987   0.05099     0.178  0.004703
   294/499     7.43G   0.02485   0.02567  0.001069    0.0516        88       640    0.8398    0.7199    0.7316     0.392   0.05196    0.1739  0.004783
   295/499     7.43G   0.02446   0.02508 0.0009412   0.05048       162       640    0.8606    0.7054    0.7297    0.3945   0.05163    0.1745  0.004797
   296/499     7.43G   0.02489   0.02584  0.001095   0.05183       214       640    0.8505     0.709    0.7463    0.4023   0.05145    0.1744   0.00471
   297/499     7.43G   0.02469   0.02542  0.001056   0.05118       133       640    0.8649    0.7066     0.736    0.3975   0.05101    0.1773  0.004639
   298/499     7.43G   0.02474   0.02596  0.001013   0.05171       214       640    0.8745    0.6724    0.7391    0.3999   0.05072    0.1779  0.004545
   299/499     7.43G   0.02509   0.02641  0.001137   0.05264       153       640    0.8531    0.7067    0.7378    0.3976   0.05069    0.1779  0.004485
   300/499     7.43G   0.02449   0.02585  0.001062   0.05141       203       640    0.8622    0.6995    0.7387    0.3983   0.05049    0.1783  0.004397
   301/499     7.43G   0.02489   0.02573  0.001002   0.05162       121       640    0.8726    0.7005     0.749    0.4033   0.05076    0.1786  0.004389
   302/499     7.43G   0.02458   0.02448  0.001018   0.05008       133       640    0.8808    0.7054    0.7533     0.398   0.05152    0.1777  0.004365
   303/499     7.43G   0.02502   0.02573  0.001076   0.05182       159       640    0.8818    0.7109    0.7551    0.4029   0.05138    0.1782  0.004346
   304/499     7.43G   0.02455    0.0259  0.001059    0.0515       148       640    0.8741    0.6916    0.7479    0.4006    0.0516    0.1762  0.004338
   305/499     7.43G   0.02436    0.0249  0.001013   0.05027        46       640    0.8717    0.6767    0.7434    0.4015   0.05195    0.1752  0.004379
   306/499     7.43G   0.02469   0.02595  0.001043   0.05168       133       640     0.836    0.7198    0.7414    0.3989     0.052    0.1748   0.00448
   307/499     7.43G   0.02471   0.02569  0.001061   0.05146       115       640    0.8357    0.7181    0.7407    0.4042   0.05137     0.175  0.004433
   308/499     7.43G   0.02464   0.02611  0.001029   0.05178        39       640    0.8538    0.7274    0.7495    0.4082    0.0513    0.1756  0.004408
   309/499     7.43G   0.02447   0.02589  0.001041    0.0514       201       640    0.8793    0.6704    0.7398    0.4076   0.05145    0.1773  0.004417
   310/499     7.43G   0.02442   0.02494  0.001037    0.0504       136       640     0.897    0.6702    0.7399    0.3993   0.05096    0.1809  0.004409
   311/499     7.43G   0.02434   0.02547  0.001085   0.05089        65       640     0.876    0.6741     0.738    0.4011   0.05127    0.1803  0.004531
   312/499     7.43G   0.02435   0.02672  0.001071   0.05214        87       640    0.8582    0.7078    0.7377     0.401   0.05166    0.1801  0.004538
   313/499     7.43G   0.02444   0.02561  0.001023   0.05108        95       640    0.8576    0.7066    0.7358    0.4003   0.05143    0.1797  0.004492
   314/499     7.43G   0.02434   0.02486  0.001056   0.05026        48       640    0.8607    0.7078    0.7319    0.4022   0.05152    0.1799  0.004589
   315/499     7.43G   0.02428   0.02541  0.001001   0.05069       264       640     0.835    0.7222    0.7379    0.3993   0.05126    0.1786  0.004634
   316/499     7.43G   0.02458   0.02532  0.001038   0.05094       205       640    0.8527    0.7251    0.7458    0.4154   0.05078    0.1806  0.004621
   317/499     7.43G   0.02407   0.02541 0.0009732   0.05046        92       640    0.8629    0.7109    0.7356    0.4073   0.05093    0.1802  0.004729
   318/499     7.43G   0.02429   0.02525  0.001086   0.05062        69       640    0.8699    0.7118    0.7484    0.4098   0.05101    0.1814  0.004891
   319/499     7.43G   0.02419   0.02539  0.000999   0.05058        55       640    0.8814    0.7045    0.7509    0.4163   0.05135     0.181  0.004867
   320/499     7.43G   0.02446   0.02515  0.001061   0.05067       222       640    0.8813    0.6967    0.7445    0.4151   0.05141    0.1809  0.004752
   321/499     7.43G   0.02373   0.02474 0.0009416   0.04941       110       640    0.8703     0.695    0.7379    0.4107   0.05148    0.1799  0.004737
   322/499     7.43G   0.02421    0.0245   0.00109    0.0498       124       640    0.8807    0.7006    0.7328    0.4004   0.05109    0.1817  0.004696
   323/499     7.43G   0.02388    0.0245  0.000967   0.04935        88       640    0.8692    0.7124    0.7434    0.4063    0.0509    0.1806  0.004594
   324/499     7.43G    0.0239   0.02532  0.001031   0.05026       158       640    0.8506    0.6815    0.7326    0.4011   0.05074    0.1806  0.004513
   325/499     7.43G   0.02405   0.02478  0.001052   0.04989        64       640    0.8535    0.6821    0.7315    0.4051   0.05078    0.1799  0.004427
   326/499     7.43G    0.0239   0.02445  0.001038   0.04938       195       640    0.8753    0.6687    0.7332     0.402   0.05064    0.1805  0.004424
   327/499     7.43G   0.02406   0.02512  0.001037   0.05021        84       640    0.8732    0.6667     0.719    0.3981   0.05036    0.1821  0.004447
   328/499     7.43G   0.02397   0.02578 0.0009833   0.05073        75       640    0.8677    0.6787    0.7266    0.4007    0.0505    0.1819  0.004462
   329/499     7.43G   0.02419   0.02577   0.00106   0.05102       213       640    0.8762    0.6672     0.717    0.4005   0.05101    0.1811  0.004512
   330/499     7.43G   0.02426   0.02475  0.001082    0.0501       221       640    0.8847     0.668    0.7282    0.4037   0.05102    0.1806  0.004561
   331/499     7.43G   0.02387   0.02545 0.0009916   0.05031        38       640    0.8866    0.6652    0.7239    0.4029   0.05081    0.1816  0.004623
   332/499     7.43G   0.02417   0.02544   0.00105   0.05066       138       640      0.88    0.6659     0.718    0.3983    0.0508    0.1816  0.004686
   333/499     7.43G   0.02377   0.02558  0.001007   0.05035       114       640    0.8791    0.6628    0.7229    0.3985   0.05071    0.1807  0.004597
   334/499     7.43G    0.0241   0.02519  0.001006   0.05031        70       640    0.8744    0.6603     0.723    0.4024   0.05118    0.1795  0.004589
   335/499     7.43G   0.02375   0.02468 0.0009582    0.0494        82       640    0.8751    0.6594     0.723    0.4016   0.05147    0.1785  0.004667
   336/499     7.43G   0.02389     0.025 0.0009959   0.04988       175       640    0.8773     0.666    0.7297    0.4037   0.05099      0.18  0.004654
   337/499     7.43G   0.02349   0.02472 0.0009836    0.0492       149       640    0.8808    0.6655    0.7305    0.4063   0.05127    0.1796   0.00459
   338/499     7.43G   0.02395   0.02493  0.001041   0.04993        87       640    0.8789    0.6662    0.7343    0.4045   0.05182    0.1778  0.004584
   339/499     7.43G   0.02395   0.02518  0.001003   0.05013       147       640    0.8802    0.6636    0.7351    0.4061    0.0515    0.1783  0.004458
   340/499     7.43G   0.02409   0.02509  0.001049   0.05023       179       640    0.8751    0.6714    0.7353    0.4064   0.05105    0.1803  0.004307
   341/499     7.43G    0.0233   0.02434  0.000972   0.04862       136       640    0.8724    0.6709    0.7255    0.4032   0.05133    0.1801  0.004388
   342/499     7.43G   0.02367   0.02478 0.0009693   0.04942        89       640    0.8711    0.6698    0.7254    0.4036   0.05131    0.1811  0.004413
   343/499     7.43G   0.02351   0.02427   0.00105   0.04883       140       640    0.8631    0.6748    0.7269    0.4013   0.05134    0.1807  0.004432
   344/499     7.43G    0.0239   0.02432  0.001022   0.04925       116       640    0.8651    0.6757    0.7267     0.402   0.05163    0.1795  0.004513
   345/499     7.43G   0.02366   0.02474   0.00102   0.04942       148       640    0.8751     0.669    0.7384    0.4039   0.05176    0.1784  0.004558
   346/499     7.43G   0.02392   0.02531  0.001123   0.05036       165       640    0.8764    0.6701    0.7271    0.4038   0.05171    0.1782  0.004568
   347/499     7.43G   0.02358   0.02513  0.001019   0.04973       108       640    0.8687    0.6755     0.728    0.4009   0.05162    0.1788   0.00463
   348/499     7.43G   0.02363   0.02566  0.001055   0.05034       192       640    0.8608    0.6789    0.7239    0.3999   0.05141    0.1792  0.004668
   349/499     7.43G   0.02391   0.02509 0.0009856   0.04999       161       640    0.8388    0.6993    0.7261    0.3983   0.05131    0.1785  0.004662
   350/499     7.43G   0.02339   0.02495 0.0009521   0.04929       165       640    0.8433    0.6961    0.7312    0.4069   0.05133    0.1791  0.004615
   351/499     7.43G   0.02361   0.02472 0.0009965   0.04933       162       640    0.8321     0.716    0.7354    0.4063   0.05139    0.1802  0.004596
   352/499     7.43G   0.02337   0.02472 0.0009738   0.04907        74       640    0.8034    0.7566    0.7381    0.4059   0.05171      0.18  0.004608
   353/499     7.43G   0.02322   0.02427   0.00103   0.04852       163       640    0.8078    0.7569    0.7379    0.4089   0.05173    0.1807   0.00462
   354/499     7.43G    0.0233   0.02445 0.0009381   0.04868        80       640    0.8026     0.751    0.7361    0.4124   0.05139    0.1823  0.004524
   355/499     7.43G   0.02373   0.02491 0.0009643   0.04961        82       640    0.8716    0.6749    0.7382    0.4112   0.05124    0.1822  0.004507
   356/499     7.43G   0.02316   0.02444 0.0009524   0.04855        94       640    0.8643    0.6765    0.7357      0.41   0.05158     0.182  0.004592
   357/499     7.43G   0.02356    0.0241 0.0009685   0.04862       228       640    0.8645    0.6742    0.7315     0.407   0.05184    0.1815  0.004672
   358/499     7.43G   0.02326   0.02423 0.0009261   0.04841       125       640    0.8622    0.6763    0.7311    0.4049   0.05187    0.1813  0.004718
   359/499     7.43G   0.02334    0.0244  0.001026   0.04877       207       640     0.864    0.6746     0.732    0.4043     0.052    0.1813  0.004835
   360/499     7.43G   0.02343   0.02428  0.001074   0.04879        37       640    0.8682    0.6702    0.7317    0.3996   0.05223    0.1804  0.004905
   361/499     7.43G   0.02344   0.02455  0.001011     0.049       158       640     0.819    0.7157    0.7319    0.4018   0.05237    0.1798  0.004911
   362/499     7.43G   0.02338    0.0247 0.0009684   0.04905        61       640     0.822    0.7113    0.7322    0.4035   0.05245    0.1786  0.004918
   363/499     7.43G   0.02301    0.0247 0.0009398   0.04865       194       640    0.8601    0.6764     0.731    0.4044   0.05236    0.1777  0.004763
   364/499     7.43G   0.02288   0.02383 0.0009234   0.04764       211       640     0.859    0.6783    0.7269    0.4022   0.05208    0.1779  0.004642
   365/499     7.43G   0.02359   0.02445 0.0009906   0.04904       152       640    0.8633    0.6753    0.7249    0.4004   0.05184     0.179  0.004537
   366/499     7.43G   0.02331   0.02472 0.0009795   0.04901       137       640    0.8721    0.6677    0.7247    0.4055   0.05183    0.1796  0.004498
   367/499     7.43G   0.02274   0.02363 0.0008985   0.04727        92       640     0.871     0.667     0.727    0.4019    0.0517    0.1802  0.004518
   368/499     7.43G   0.02333   0.02436  0.001069   0.04875       232       640    0.8705    0.6674    0.7322     0.403   0.05154    0.1801  0.004566
   369/499     7.43G   0.02378   0.02517  0.001065   0.05001       115       640    0.8747    0.6685    0.7346    0.4036   0.05104    0.1804  0.004454
   370/499     7.43G   0.02332   0.02459 0.0009783   0.04888       174       640    0.8783    0.6664    0.7347    0.4018   0.05104    0.1808  0.004437
   371/499     7.43G   0.02288   0.02362 0.0008939   0.04739       160       640    0.8814    0.6653     0.734    0.4017   0.05099     0.182  0.004516
   372/499     7.43G   0.02324   0.02478   0.00106   0.04907        87       640    0.9079    0.6576    0.7375    0.4035   0.05104    0.1819  0.004538
   373/499     7.43G   0.02312   0.02495 0.0009997   0.04907       165       640    0.8849    0.6634    0.7329    0.4015   0.05104    0.1816  0.004472
   374/499     7.43G    0.0232   0.02501  0.000964   0.04918       130       640    0.8837    0.6634    0.7307    0.4009   0.05128    0.1809  0.004525
   375/499     7.43G   0.02301   0.02512 0.0009619   0.04909       273       640    0.8188    0.7376    0.7373    0.4045   0.05127    0.1806  0.004565
   376/499     7.43G   0.02268   0.02391 0.0008818   0.04747        98       640    0.9422    0.6534    0.7472    0.4072   0.05094    0.1826  0.004497
   377/499     7.43G   0.02308   0.02477  0.001021   0.04887       118       640    0.8335    0.7329    0.7492    0.4077   0.05076    0.1835  0.004418
   378/499     7.43G   0.02268   0.02429 0.0009382   0.04791        37       640    0.8291    0.7328    0.7483    0.4071   0.05088    0.1837  0.004428
   379/499     7.43G   0.02298   0.02464  0.000983    0.0486       140       640     0.831    0.7242    0.7396    0.4038   0.05108    0.1833  0.004488
   380/499     7.43G   0.02332   0.02474     0.001   0.04906       173       640     0.832     0.719     0.737    0.4008   0.05133    0.1833  0.004536
   381/499     7.43G   0.02329   0.02502    0.0011   0.04941        87       640    0.8297     0.717    0.7327    0.3947   0.05151    0.1825  0.004528
   382/499     7.43G   0.02286   0.02326 0.0008888   0.04701        67       640     0.817    0.7204    0.7273    0.3926   0.05152    0.1827  0.004548
   383/499     7.43G    0.0229   0.02411 0.0008619   0.04787       152       640    0.8172    0.7195     0.728    0.3931   0.05137    0.1829  0.004544
   384/499     7.43G   0.02327   0.02473 0.0009567   0.04896       150       640    0.8241    0.7219    0.7323    0.3967   0.05108    0.1836   0.00454
   385/499     7.43G   0.02281   0.02411 0.0009624   0.04788       107       640    0.8089    0.7308    0.7329    0.3964   0.05125    0.1827  0.004572
   386/499     7.43G   0.02275   0.02441 0.0009355    0.0481       126       640    0.8673     0.671    0.7258    0.3977   0.05123    0.1821  0.004611
   387/499     7.43G   0.02302   0.02395 0.0009842   0.04795       162       640    0.8655    0.6738    0.7252    0.3971   0.05121    0.1823  0.004597
   388/499     7.43G   0.02245   0.02354 0.0009043   0.04689        89       640    0.8665     0.675    0.7253    0.3983   0.05142    0.1819  0.004596
   389/499     7.43G   0.02235   0.02395    0.0009   0.04719       145       640    0.8006    0.7405    0.7232    0.3959   0.05174    0.1814   0.00464
   390/499     7.43G   0.02265   0.02434 0.0008928   0.04788       148       640    0.8049    0.7379    0.7226    0.3956   0.05191    0.1818   0.00465
   391/499     7.43G   0.02265   0.02447 0.0009066   0.04803       118       640    0.8076    0.7367    0.7216    0.3939   0.05195    0.1824  0.004657
   392/499     7.43G   0.02291   0.02527 0.0009663   0.04914       155       640    0.8275    0.7317    0.7234     0.395   0.05191    0.1832  0.004664
   393/499     7.43G   0.02269   0.02413 0.0009473   0.04776       156       640    0.8359    0.7238    0.7248    0.3958   0.05165    0.1838  0.004641
   394/499     7.43G   0.02264   0.02471 0.0009733   0.04833       160       640    0.8266    0.7243     0.725    0.3964   0.05165    0.1837  0.004623
   395/499     7.43G    0.0225   0.02408 0.0009091   0.04748       182       640    0.8368    0.7297     0.729    0.3951   0.05149    0.1835  0.004609
   396/499     7.43G   0.02267   0.02366 0.0009406   0.04727        84       640    0.8352    0.7307    0.7299    0.3952   0.05154    0.1832  0.004633
   397/499     7.43G   0.02227   0.02398 0.0008406   0.04709       292       640     0.825    0.7308    0.7271    0.3945    0.0516    0.1832  0.004668
   398/499     7.43G   0.02249   0.02403 0.0009904   0.04751       111       640    0.8237     0.735    0.7283    0.3974    0.0515    0.1826  0.004656
   399/499     7.43G    0.0226   0.02396 0.0008654   0.04742       152       640    0.8344    0.7347    0.7292    0.3974   0.05141    0.1827   0.00463
   400/499     7.43G   0.02238    0.0232 0.0009568   0.04653       102       640    0.8543    0.7279    0.7342    0.3997   0.05132    0.1825  0.004627
   401/499     7.43G   0.02249   0.02381 0.0009326   0.04723       152       640    0.8373    0.7332    0.7389    0.4033   0.05131    0.1824  0.004666
   402/499     7.43G    0.0227   0.02455  0.001004   0.04826        93       640    0.8351    0.7352    0.7388    0.4031   0.05139     0.182   0.00472
   403/499     7.43G   0.02249    0.0239 0.0009662   0.04735       188       640    0.8331    0.7353    0.7386    0.4024   0.05132    0.1827  0.004723
   404/499     7.43G   0.02262   0.02443 0.0009734   0.04803       187       640    0.8514    0.7289     0.742    0.4043   0.05131     0.183   0.00472
   405/499     7.43G   0.02253   0.02394 0.0009201   0.04739       111       640    0.8526    0.7297     0.742    0.4073   0.05118    0.1834  0.004735
   406/499     7.43G   0.02266   0.02387 0.0009798   0.04752       135       640    0.8498    0.7313    0.7404    0.4076   0.05123    0.1836  0.004764
   407/499     7.43G   0.02245     0.024 0.0009778   0.04743       104       640    0.8503    0.7294    0.7393    0.4083    0.0511    0.1836  0.004778
   408/499     7.43G   0.02256   0.02329 0.0009319   0.04678       175       640    0.8531    0.7301    0.7307     0.406     0.051    0.1838  0.004754
   409/499     7.43G   0.02259   0.02425  0.001001   0.04784       121       640    0.8574    0.7277    0.7321    0.4074   0.05108    0.1835  0.004792
   410/499     7.43G   0.02231   0.02381 0.0008344   0.04696        75       640    0.8622    0.7219    0.7308    0.4054   0.05115    0.1836  0.004796
   411/499     7.43G   0.02253   0.02356 0.0008758   0.04696       113       640    0.8612    0.7245     0.731    0.4045   0.05127     0.183   0.00478
   412/499     7.43G   0.02241   0.02459 0.0009323   0.04794       176       640    0.8614    0.7244    0.7302    0.4036   0.05143    0.1829  0.004758
   413/499     7.43G   0.02229   0.02333 0.0008842    0.0465       133       640    0.8629    0.7215    0.7294    0.4028   0.05159    0.1829  0.004778
   414/499     7.43G   0.02237   0.02386 0.0009216   0.04715       145       640    0.8633    0.7199    0.7374    0.4052   0.05153    0.1833  0.004797
   415/499     7.43G   0.02226   0.02379 0.0009381   0.04699       151       640    0.8655    0.7179     0.738    0.4032   0.05156    0.1835  0.004802
   416/499     7.43G   0.02208   0.02415 0.0009002   0.04713        76       640    0.8621    0.7227    0.7374    0.4028   0.05152    0.1838  0.004817
   417/499     7.43G   0.02303   0.02448   0.00102   0.04853       110       640    0.8639     0.717    0.7374     0.402   0.05154    0.1835  0.004829
   418/499     7.43G   0.02215    0.0237 0.0008876   0.04674        62       640    0.8646    0.7184    0.7374    0.4003   0.05154    0.1834  0.004801
   419/499     7.43G   0.02266   0.02477 0.0009769    0.0484        67       640    0.8626    0.7166    0.7351    0.4023   0.05148    0.1836  0.004765
   420/499     7.43G   0.02246    0.0231 0.0009344    0.0465        70       640    0.8656    0.7118    0.7348    0.4023   0.05159    0.1832  0.004762
   421/499     7.43G   0.02235   0.02393  0.001006   0.04728       199       640    0.8635    0.7139      0.73    0.4035   0.05179    0.1826  0.004785
   422/499     7.43G   0.02184    0.0235 0.0008441   0.04619       105       640    0.8595    0.7195    0.7257    0.4018     0.052    0.1822  0.004815
   423/499     7.43G   0.02236   0.02307 0.0008913   0.04632       111       640    0.8617    0.7211    0.7261    0.4004     0.052    0.1819  0.004828
   424/499     7.43G   0.02224   0.02356 0.0009186   0.04672       129       640    0.8594    0.7224    0.7262    0.4024   0.05216    0.1814  0.004868
   425/499     7.43G   0.02197   0.02325 0.0009481   0.04617        49       640    0.8587    0.7246    0.7248    0.4006   0.05218    0.1814  0.004871
   426/499     7.43G   0.02216   0.02462 0.0008861   0.04767       144       640    0.8587     0.725    0.7336    0.4037   0.05213    0.1812  0.004879
   427/499     7.43G   0.02221   0.02251 0.0009441   0.04566       122       640    0.8605    0.7253    0.7342    0.4044   0.05196    0.1816  0.004905
   428/499     7.43G   0.02206   0.02341  0.000888   0.04635        69       640    0.8599    0.7233    0.7421    0.4073   0.05178    0.1822  0.004893
   429/499     7.43G   0.02217   0.02392  0.001002   0.04709       104       640    0.8576    0.7264    0.7305    0.4039   0.05178     0.182  0.004878
   430/499     7.43G   0.02271   0.02475  0.001005   0.04847       126       640    0.8583    0.7259    0.7314    0.4055   0.05187    0.1818  0.004901
   431/499     7.43G   0.02171    0.0232 0.0008829   0.04579        59       640    0.8588    0.7249    0.7306    0.4041   0.05192     0.182  0.004933
   432/499     7.43G   0.02221   0.02321 0.0008764   0.04629        83       640    0.8573    0.7279    0.7371     0.404   0.05196    0.1824  0.004957
   433/499     7.43G   0.02196   0.02356  0.000926   0.04644        63       640    0.8574    0.7314    0.7387     0.404    0.0519     0.183   0.00497
   434/499     7.43G     0.022   0.02413 0.0008661     0.047       158       640    0.8569    0.7317    0.7384     0.404   0.05178    0.1835  0.004949
   435/499     7.43G   0.02205   0.02341 0.0009343    0.0464        94       640    0.8585    0.7312    0.7454    0.4072   0.05173    0.1839   0.00493
   436/499     7.43G   0.02166    0.0226 0.0008314   0.04509       106       640    0.8568    0.7327    0.7457    0.4108    0.0517    0.1845  0.004902
   437/499     7.43G   0.02222   0.02414 0.0009499   0.04731       142       640    0.8526     0.737    0.7459    0.4096    0.0517    0.1846  0.004913
   438/499     7.43G   0.02238   0.02324 0.0008854   0.04651       140       640    0.8513    0.7387    0.7402    0.4101   0.05176    0.1846  0.004903
   439/499     7.43G   0.02175   0.02329  0.000842   0.04588        86       640    0.8536    0.7356    0.7395    0.4102   0.05189    0.1844  0.004883
   440/499     7.43G    0.0222   0.02426 0.0009391    0.0474       126       640    0.8541    0.7358    0.7337     0.408   0.05203    0.1842  0.004876
   441/499     7.43G   0.02223   0.02415 0.0008825   0.04726       218       640    0.8547    0.7355    0.7344    0.4064   0.05204     0.184  0.004874
   442/499     7.43G    0.0221   0.02353 0.0009114   0.04654       108       640    0.8612    0.7296    0.7312    0.4082     0.052    0.1841   0.00487
   443/499     7.43G   0.02177   0.02283  0.000908   0.04551        82       640    0.8606    0.7298    0.7323    0.4088   0.05203    0.1842  0.004873
   444/499     7.43G    0.0219   0.02327 0.0008958   0.04607        57       640     0.859    0.7291    0.7307    0.4082   0.05198    0.1844  0.004855
   445/499     7.43G   0.02198   0.02353 0.0009015   0.04641       115       640    0.8558    0.7319    0.7298    0.4073   0.05195    0.1844  0.004831
   446/499     7.43G   0.02156   0.02289 0.0008707   0.04532       212       640    0.8545    0.7329    0.7289    0.4069   0.05187    0.1845   0.00483
   447/499     7.43G   0.02135   0.02293 0.0008435   0.04512       163       640    0.8548    0.7329    0.7296    0.4075   0.05177    0.1845  0.004833
   448/499     7.43G   0.02172   0.02316  0.000882   0.04576       121       640     0.855    0.7322    0.7301    0.4077   0.05165    0.1845  0.004825
   449/499     7.43G   0.02227   0.02405 0.0009153   0.04724        97       640    0.8526    0.7333    0.7288    0.4027   0.05163    0.1845  0.004838
   450/499     7.43G   0.02213   0.02346 0.0009497   0.04654       143       640    0.8525     0.734    0.7287    0.4032   0.05156    0.1844  0.004822
   451/499     7.43G   0.02239   0.02336 0.0009896   0.04674       131       640    0.8521    0.7352    0.7286    0.4021   0.05155    0.1843  0.004819
   452/499     7.43G   0.02205   0.02404  0.001004   0.04709        54       640    0.8516    0.7358    0.7287    0.4061   0.05157    0.1844   0.00482
   453/499     7.43G   0.02229   0.02486 0.0009633   0.04811        88       640    0.8519    0.7363    0.7289     0.403   0.05165    0.1841  0.004843
   454/499     7.43G   0.02191   0.02434   0.00091   0.04715       104       640    0.8533    0.7359      0.73    0.4073   0.05176    0.1836  0.004876
   455/499     7.43G   0.02191   0.02326 0.0008798   0.04605        63       640    0.8563    0.7332    0.7302    0.4068   0.05186    0.1832  0.004902
   456/499     7.43G   0.02185   0.02315 0.0008883   0.04589       140       640    0.8559    0.7351    0.7306     0.404   0.05188    0.1829   0.00491
   457/499     7.43G   0.02179   0.02348 0.0009711   0.04624       151       640    0.8527    0.7371     0.729    0.4075    0.0519    0.1826  0.004929
   458/499     7.43G   0.02113   0.02191  0.000738   0.04378        56       640    0.8562    0.7356      0.73    0.4053   0.05186    0.1829  0.004938
   459/499     7.43G   0.02174   0.02331 0.0008647   0.04591        70       640    0.8557    0.7351    0.7294    0.4053   0.05188    0.1831  0.004932
   460/499     7.43G     0.022   0.02362 0.0009658   0.04659       152       640    0.8553    0.7346    0.7285    0.4058   0.05193    0.1832  0.004941
   461/499     7.43G   0.02189   0.02343 0.0009531   0.04627        78       640    0.8564    0.7343    0.7279    0.4005   0.05197    0.1834  0.004968
   462/499     7.43G   0.02172   0.02319 0.0009746   0.04588       113       640    0.8579    0.7321     0.728    0.4036   0.05197    0.1835  0.004975
   463/499     7.43G   0.02158   0.02325 0.0009043   0.04573        93       640    0.8582    0.7319    0.7282     0.402   0.05209    0.1832  0.004995
   464/499     7.43G   0.02194   0.02321 0.0008437   0.04599       203       640    0.8575    0.7325    0.7267    0.4034   0.05219     0.183  0.004989
   465/499     7.43G   0.02172   0.02303 0.0009581   0.04571       175       640    0.8594    0.7315    0.7288    0.4054   0.05224    0.1829  0.004996
   466/499     7.43G   0.02146   0.02298 0.0008424   0.04529       190       640    0.8586    0.7311    0.7291     0.406   0.05226    0.1828  0.005003
   467/499     7.43G   0.02118   0.02234 0.0008298   0.04435        88       640     0.858    0.7314    0.7293    0.4063   0.05223    0.1828  0.004983
   468/499     7.43G   0.02194   0.02443 0.0009147   0.04729       105       640    0.8549    0.7343    0.7295    0.4072   0.05217    0.1831  0.004967
   469/499     7.43G    0.0214   0.02322 0.0008007   0.04542       123       640    0.8575    0.7335    0.7297    0.4059   0.05207    0.1834  0.004962
   470/499     7.43G   0.02134   0.02286 0.0008969    0.0451       206       640    0.8551    0.7337    0.7327    0.4076   0.05195    0.1835  0.004941
   471/499     7.43G   0.02154   0.02327 0.0009069   0.04572        45       640    0.8551    0.7348    0.7333    0.4071   0.05191    0.1836  0.004947
   472/499     7.43G   0.02104   0.02239 0.0008593   0.04429       205       640    0.8572     0.735    0.7329    0.4068    0.0519    0.1837   0.00495
   473/499     7.43G   0.02204    0.0241 0.0009284   0.04707       134       640     0.858    0.7328    0.7328    0.4061   0.05198    0.1835  0.004961
   474/499     7.43G   0.02173    0.0236  0.000905   0.04623       148       640    0.8565    0.7345     0.733     0.406   0.05206    0.1834  0.004981
   475/499     7.43G   0.02145   0.02307 0.0009151   0.04544       173       640    0.8574     0.734    0.7336    0.4062   0.05209    0.1832   0.00498
   476/499     7.43G   0.02123   0.02274 0.0008266    0.0448       184       640    0.8572    0.7346    0.7329    0.4065   0.05207    0.1832  0.004971
   477/499     7.43G   0.02161   0.02318 0.0009458   0.04574       195       640    0.8563    0.7335    0.7335    0.4068   0.05212    0.1832  0.004973
   478/499     7.43G   0.02037   0.02176 0.0008055   0.04294        70       640    0.8562    0.7333    0.7355    0.4081    0.0521    0.1832  0.004974
   479/499     7.43G   0.02129   0.02348 0.0008796   0.04565       125       640    0.8548    0.7334    0.7327     0.406   0.05214     0.183  0.004996
   480/499     7.43G   0.02139   0.02325 0.0008695   0.04551       143       640    0.8541    0.7337    0.7329    0.4063   0.05214     0.183  0.005007
   481/499     7.43G   0.02099   0.02298 0.0008458   0.04482       131       640    0.8542    0.7336    0.7327    0.4062   0.05215    0.1831  0.005025
   482/499     7.43G   0.02155    0.0232 0.0008411   0.04559       144       640    0.8553    0.7333     0.733    0.4064   0.05212    0.1832  0.005035
   483/499     7.43G   0.02158   0.02389 0.0008974   0.04636        83       640    0.8536    0.7353    0.7321    0.4055   0.05207    0.1832   0.00503
   484/499     7.43G   0.02157   0.02324 0.0008871    0.0457       216       640    0.8545    0.7351    0.7344    0.4082   0.05195    0.1835  0.005015
   485/499     7.43G   0.02108   0.02244 0.0008208   0.04434       135       640    0.8522    0.7368    0.7348    0.4079   0.05187    0.1838  0.005008
   486/499     7.43G   0.02099   0.02273 0.0008252   0.04454       196       640    0.8546    0.7351    0.7352    0.4072   0.05186    0.1838  0.005011
   487/499     7.43G   0.02177   0.02341 0.0009034   0.04609       209       640    0.8551     0.735    0.7354    0.4064   0.05183    0.1836     0.005
   488/499     7.43G   0.02178   0.02288 0.0009578   0.04562       163       640    0.8565    0.7328    0.7345    0.4072   0.05176    0.1835  0.004989
   489/499     7.43G    0.0212   0.02246 0.0008355   0.04449       195       640    0.8557     0.733    0.7376    0.4091   0.05178    0.1835  0.004995
   490/499     7.43G   0.02121   0.02275 0.0008022   0.04476       179       640    0.8536    0.7338     0.738    0.4092   0.05176    0.1835  0.004997
   491/499     7.43G   0.02141    0.0231 0.0008987    0.0454       218       640    0.8525    0.7335    0.7376    0.4093   0.05174    0.1837  0.005005
   492/499     7.43G   0.02145   0.02339  0.000899   0.04574       184       640     0.851    0.7337    0.7425    0.4107   0.05171    0.1839  0.005007
   493/499     7.43G   0.02173   0.02447 0.0009653   0.04717       148       640    0.8493    0.7342    0.7419    0.4102   0.05175    0.1838  0.005009
   494/499     7.43G   0.02107   0.02281 0.0008295   0.04471       112       640    0.8497    0.7325    0.7413    0.4093   0.05174    0.1839  0.005001
   495/499     7.43G   0.02121   0.02285 0.0008856   0.04495        82       640      0.85    0.7327    0.7417    0.4093   0.05166     0.184  0.004977
   496/499     7.43G   0.02153   0.02322 0.0008753   0.04562       290       640    0.8503    0.7341    0.7428    0.4093    0.0517    0.1839  0.004983
   497/499     7.43G   0.02155   0.02345 0.0008783   0.04588       110       640    0.8509    0.7333    0.7435    0.4093   0.05179    0.1836  0.004999
   498/499     7.43G   0.02149   0.02401 0.0008922    0.0464        99       640      0.85    0.7338    0.7519    0.4148   0.05184    0.1834  0.005011
   499/499     7.43G   0.02151   0.02296 0.0008737   0.04535       105       640    0.8506    0.7342    0.7763    0.4312   0.05184    0.1836  0.005021
