2 0.3638888888888889 0.3825 0.044444444444444446 0.065 86
2 0.3597222222222222 0.56 0.041666666666666664 0.07 87
0 0.42777777777777776 0.165 0.07222222222222222 0.06 88
0 0.25555555555555554 0.5175 0.06666666666666667 0.125 89
0 0.4236111111111111 0.345 0.058333333333333334 0.13 90
0 0.30416666666666664 0.315 0.041666666666666664 0.08 92
1 0.7291666666666666 0.035 0.08055555555555556 0.07 99
1 0.8680555555555556 0.175 0.23055555555555557 0.18 100
1 0.9680555555555556 0.72 0.06388888888888888 0.36 101
1 0.9972222222222222 0.3525 0.005555555555555556 0.355 102
