0 0.5444444444444444 0.65 0.12222222222222222 0.32 1
0 0.5291666666666667 0.415 0.09722222222222222 0.14 2
0 0.7555555555555555 0.375 0.044444444444444446 0.06 3
0 0.65 0.33 0.044444444444444446 0.1 4
0 0.9236111111111112 0.3675 0.04722222222222222 0.095 5
0 0.7902777777777777 0.1675 0.03611111111111111 0.075 6
0 0.7152777777777778 0.7625 0.06944444444444445 0.085 7
0 0.7263888888888889 0.635 0.04722222222222222 0.11 8
0 0.9972222222222222 0.205 0.005555555555555556 0.12 11
0 0.9875 0.6 0.025 0.11 15
0 0.9819444444444444 0.74 0.03611111111111111 0.09 23
0 0.8722222222222222 0.415 0.044444444444444446 0.09 32
2 0.5833333333333334 0.2525 0.07777777777777778 0.105 33
2 1.0 0.55 0.0 0.07 37
