2 0.20277777777777778 0.1025 0.05 0.075 49
2 0.3111111111111111 0.075 0.05555555555555555 0.06 50
0 0.23055555555555557 0.2975 0.16111111111111112 0.195 53
0 0.9763888888888889 0.0275 0.04722222222222222 0.055 72
0 0.5347222222222222 0.2875 0.18611111111111112 0.355 75
2 0.8097222222222222 0.045 0.04722222222222222 0.09 82
2 0.5736111111111111 0.14 0.03611111111111111 0.07 83
2 0.9333333333333333 0.1625 0.06111111111111111 0.095 84
2 0.9486111111111111 0.7375 0.075 0.075 85
2 0.5444444444444444 0.0175 0.03888888888888889 0.035 103
2 0.9902777777777778 0.1925 0.019444444444444445 0.075 106
2 0.5722222222222222 0.07 0.044444444444444446 0.05 107
2 0.9430555555555555 0.0825 0.041666666666666664 0.055 114
