0 0.44722222222222224 0.0075 0.17777777777777778 0.015 69
0 0.35 0.785 0.1388888888888889 0.21 71
0 0.3416666666666667 0.935 0.11666666666666667 0.13 73
0 0.006944444444444444 0.9 0.013888888888888888 0.2 74
2 0.05416666666666667 0.8425 0.05277777777777778 0.075 76
2 0.0625 0.98 0.041666666666666664 0.04 77
2 0.12916666666666668 0.9725 0.041666666666666664 0.055 78
2 0.10972222222222222 0.81 0.03611111111111111 0.09 79
1 0.9027777777777778 0.02 0.14444444444444443 0.04 93
1 0.8333333333333334 0.19 0.11666666666666667 0.3 94
1 0.7458333333333333 0.435 0.11388888888888889 0.17 95
1 0.7069444444444445 0.7675 0.08055555555555556 0.465 96
