0 0.2111111111111111 0.315 0.12222222222222222 0.32 1
0 0.19583333333333333 0.08 0.09722222222222222 0.14 2
0 0.4222222222222222 0.04 0.044444444444444446 0.06 3
0 0.31666666666666665 0.0225 0.044444444444444446 0.045 4
0 0.5902777777777778 0.04 0.04722222222222222 0.08 5
0 0.3819444444444444 0.4275 0.06944444444444445 0.085 7
0 0.39305555555555555 0.3 0.04722222222222222 0.11 8
0 0.24583333333333332 0.775 0.08055555555555556 0.12 9
0 0.36944444444444446 0.74 0.06111111111111111 0.08 10
0 0.7652777777777777 0.04 0.025 0.07 12
0 0.8194444444444444 0.04 0.03333333333333333 0.08 13
0 0.8569444444444444 0.04 0.030555555555555555 0.08 14
0 0.6722222222222223 0.265 0.06111111111111111 0.11 15
0 0.8013888888888889 0.3025 0.058333333333333334 0.055 16
0 0.9069444444444444 0.1875 0.058333333333333334 0.065 17
0 0.8875 0.395 0.041666666666666664 0.07 21
0 0.7916666666666666 0.43 0.06111111111111111 0.11 22
0 0.6513888888888889 0.405 0.041666666666666664 0.09 23
0 0.7222222222222222 0.47 0.03333333333333333 0.12 24
0 0.5388888888888889 0.08 0.044444444444444446 0.09 32
2 0.7055555555555556 0.0025 0.044444444444444446 0.005 34
2 0.6944444444444444 0.215 0.05555555555555555 0.07 37
2 0.17777777777777778 0.7525 0.05555555555555555 0.115 38
2 0.2125 0.9225 0.08055555555555556 0.115 39
0 0.7333333333333333 0.2925 0.05 0.055 111
