2 0.6152777777777778 0.4325 0.09166666666666666 0.115 43
2 0.7347222222222223 0.6425 0.075 0.105 44
2 0.8541666666666666 0.6125 0.05277777777777778 0.075 45
0 0.5138888888888888 0.395 0.05 0.1 58
0 0.6319444444444444 0.5875 0.04722222222222222 0.085 59
0 0.6041666666666666 0.6525 0.041666666666666664 0.085 60
0 0.7291666666666666 0.925 0.11388888888888889 0.15 61
0 0.875 0.815 0.05555555555555555 0.11 62
0 0.9583333333333334 0.9925 0.07222222222222222 0.015 63
0 0.9333333333333333 0.4875 0.06111111111111111 0.065 64
0 0.9847222222222223 0.4525 0.030555555555555555 0.045 66
0 0.9986111111111111 0.325 0.002777777777777778 0.06 67
