2 0.39305555555555555 0.025 0.075 0.05 42
2 0.6152777777777778 0.7675 0.09166666666666666 0.115 43
2 0.7347222222222223 0.9625 0.075 0.075 44
2 0.8541666666666666 0.9475 0.05277777777777778 0.075 45
2 0.45555555555555555 0.2525 0.06111111111111111 0.095 48
0 0.5694444444444444 0.015 0.16111111111111112 0.03 52
0 0.3472222222222222 0.055 0.044444444444444446 0.05 57
0 0.5138888888888888 0.73 0.05 0.1 58
0 0.6319444444444444 0.9225 0.04722222222222222 0.085 59
0 0.6041666666666666 0.9725 0.041666666666666664 0.055 60
0 0.9333333333333333 0.8225 0.06111111111111111 0.065 64
0 0.9847222222222223 0.7875 0.030555555555555555 0.045 66
0 0.9986111111111111 0.66 0.002777777777777778 0.06 67
