2 0.002777777777777778 0.74 0.005555555555555556 0.06 50
0 0.6833333333333333 0.115 0.1388888888888889 0.21 71
0 0.675 0.615 0.1111111111111111 0.21 72
0 0.675 0.3525 0.11666666666666667 0.305 73
0 0.25 0.3275 0.19444444444444445 0.395 74
0 0.2013888888888889 0.8875 0.18611111111111112 0.225 75
2 0.3875 0.1725 0.05277777777777778 0.075 76
2 0.3958333333333333 0.325 0.041666666666666664 0.07 77
2 0.4625 0.315 0.041666666666666664 0.08 78
2 0.44305555555555554 0.14 0.03611111111111111 0.09 79
2 0.46944444444444444 0.49 0.044444444444444446 0.07 80
2 0.4722222222222222 0.5825 0.044444444444444446 0.075 81
2 0.47638888888888886 0.71 0.04722222222222222 0.09 82
2 0.24027777777777778 0.805 0.03611111111111111 0.07 83
2 0.6 0.8275 0.06111111111111111 0.095 84
1 1.0 0.21 0.0 0.42 96
1 0.9833333333333333 0.6825 0.03333333333333333 0.485 97
2 0.2111111111111111 0.6725 0.03888888888888889 0.055 103
2 0.38333333333333336 0.5925 0.03333333333333333 0.055 104
2 0.38055555555555554 0.5225 0.03888888888888889 0.055 105
2 0.6666666666666666 0.8575 0.03888888888888889 0.075 106
2 0.2388888888888889 0.735 0.044444444444444446 0.05 107
2 0.14444444444444443 0.3525 0.03888888888888889 0.075 110
2 0.20555555555555555 0.57 0.03333333333333333 0.06 112
2 0.26805555555555555 0.085 0.03611111111111111 0.07 113
2 0.6097222222222223 0.7475 0.041666666666666664 0.055 114
