2 0.002777777777777778 0.41 0.005555555555555556 0.06 50
0 0.675 0.285 0.1111111111111111 0.21 72
0 0.675 0.0875 0.11666666666666667 0.175 73
0 0.25 0.0975 0.19444444444444445 0.195 74
0 0.2013888888888889 0.6225 0.18611111111111112 0.355 75
2 0.3958333333333333 0.015 0.041666666666666664 0.03 77
2 0.4625 0.0125 0.041666666666666664 0.025 78
2 0.46944444444444444 0.16 0.044444444444444446 0.07 80
2 0.4722222222222222 0.2525 0.044444444444444446 0.075 81
2 0.47638888888888886 0.38 0.04722222222222222 0.09 82
2 0.24027777777777778 0.475 0.03611111111111111 0.07 83
2 0.6 0.4975 0.06111111111111111 0.095 84
0 0.7694444444444445 0.9775 0.06111111111111111 0.045 91
1 1.0 0.045 0.0 0.09 96
1 0.9833333333333333 0.3525 0.03333333333333333 0.485 97
2 0.2111111111111111 0.3425 0.03888888888888889 0.055 103
2 0.38333333333333336 0.2625 0.03333333333333333 0.055 104
2 0.38055555555555554 0.1925 0.03888888888888889 0.055 105
2 0.6666666666666666 0.5275 0.03888888888888889 0.075 106
2 0.2388888888888889 0.405 0.044444444444444446 0.05 107
2 0.14444444444444443 0.03 0.03888888888888889 0.06 110
2 0.20555555555555555 0.24 0.03333333333333333 0.06 112
2 0.6097222222222223 0.4175 0.041666666666666664 0.055 114
