0 0.05555555555555555 0.505 0.06666666666666667 0.09 18
0 0.24861111111111112 0.4475 0.04722222222222222 0.055 19
0 0.044444444444444446 0.405 0.044444444444444446 0.06 20
0 0.14722222222222223 0.49 0.05 0.06 26
0 0.19722222222222222 0.4925 0.044444444444444446 0.075 27
0 0.09166666666666666 0.3875 0.027777777777777776 0.065 28
0 0.2263888888888889 0.33 0.04722222222222222 0.08 29
0 0.07083333333333333 0.155 0.03611111111111111 0.06 31
2 0.22777777777777777 0.2575 0.06111111111111111 0.085 35
2 0.3486111111111111 0.4675 0.06388888888888888 0.065 36
2 0.06527777777777778 0.32 0.041666666666666664 0.06 51
0 0.9722222222222222 0.2275 0.05555555555555555 0.265 70
