2 0.002777777777777778 0.075 0.005555555555555556 0.06 50
0 0.675 0.0275 0.1111111111111111 0.055 72
0 0.2013888888888889 0.2875 0.18611111111111112 0.355 75
2 0.47638888888888886 0.045 0.04722222222222222 0.09 82
2 0.24027777777777778 0.14 0.03611111111111111 0.07 83
2 0.6 0.1625 0.06111111111111111 0.095 84
2 0.6152777777777778 0.7375 0.075 0.075 85
0 0.7694444444444445 0.6525 0.06111111111111111 0.065 91
1 0.9833333333333333 0.13 0.03333333333333333 0.26 97
2 0.2111111111111111 0.0175 0.03888888888888889 0.035 103
2 0.6666666666666666 0.1925 0.03888888888888889 0.075 106
2 0.2388888888888889 0.07 0.044444444444444446 0.05 107
2 0.6097222222222223 0.0825 0.041666666666666664 0.055 114
