0 0.2111111111111111 0.0725 0.12222222222222222 0.145 1
0 0.3819444444444444 0.0975 0.06944444444444445 0.085 7
0 0.39305555555555555 0.0125 0.04722222222222222 0.025 8
0 0.24583333333333332 0.445 0.08055555555555556 0.12 9
0 0.36944444444444446 0.41 0.06111111111111111 0.08 10
0 0.8013888888888889 0.0 0.058333333333333334 0.0 16
0 0.8875 0.065 0.041666666666666664 0.07 21
0 0.7916666666666666 0.1 0.06111111111111111 0.11 22
0 0.6513888888888889 0.075 0.041666666666666664 0.09 23
0 0.7222222222222222 0.14 0.03333333333333333 0.12 24
2 0.17777777777777778 0.4225 0.05555555555555555 0.115 38
2 0.2125 0.5925 0.08055555555555556 0.115 39
2 0.26944444444444443 0.805 0.05555555555555555 0.1 40
0 0.3138888888888889 0.72 0.06666666666666667 0.07 108
0 0.35694444444444445 0.91 0.041666666666666664 0.14 109
