0 0.05555555555555555 0.17 0.06666666666666667 0.09 18
0 0.24861111111111112 0.1125 0.04722222222222222 0.055 19
0 0.044444444444444446 0.07 0.044444444444444446 0.06 20
0 0.14722222222222223 0.155 0.05 0.06 26
0 0.19722222222222222 0.1575 0.044444444444444446 0.075 27
0 0.09166666666666666 0.0525 0.027777777777777776 0.065 28
0 0.2263888888888889 0.0175 0.04722222222222222 0.035 29
2 0.3486111111111111 0.1325 0.06388888888888888 0.065 36
2 0.06527777777777778 0.0075 0.041666666666666664 0.015 51
0 0.9722222222222222 0.0125 0.05555555555555555 0.025 70
