0 0.3416666666666667 0.0275 0.1111111111111111 0.055 72
2 0.14305555555555555 0.045 0.04722222222222222 0.09 82
2 0.26666666666666666 0.1625 0.06111111111111111 0.095 84
2 0.28194444444444444 0.7375 0.075 0.075 85
0 0.4361111111111111 0.6525 0.06111111111111111 0.065 91
1 0.6791666666666667 0.13 0.09166666666666666 0.26 97
1 0.7555555555555555 0.445 0.10555555555555556 0.36 98
1 0.7291666666666666 0.8175 0.08055555555555556 0.365 99
2 0.3333333333333333 0.1925 0.03888888888888889 0.075 106
2 0.2763888888888889 0.0825 0.041666666666666664 0.055 114
