2 0.06805555555555555 0.3075 0.075 0.105 44
2 0.1875 0.2775 0.05277777777777778 0.075 45
2 0.42777777777777776 0.1925 0.05 0.075 46
2 0.41388888888888886 0.4375 0.05 0.075 47
0 0.0625 0.605 0.11388888888888889 0.18 61
0 0.20833333333333334 0.48 0.05555555555555555 0.11 62
0 0.2916666666666667 0.675 0.07222222222222222 0.05 63
0 0.26666666666666666 0.1525 0.06111111111111111 0.065 64
0 0.4875 0.04 0.058333333333333334 0.06 65
0 0.33055555555555555 0.1175 0.05555555555555555 0.045 66
0 0.3597222222222222 0.01 0.058333333333333334 0.02 67
0 0.44027777777777777 0.3075 0.058333333333333334 0.115 68
