0 0.04861111111111111 0.0975 0.06944444444444445 0.085 7
0 0.059722222222222225 0.0125 0.04722222222222222 0.025 8
0 0.03611111111111111 0.41 0.06111111111111111 0.08 10
0 0.46805555555555556 0.0 0.058333333333333334 0.0 16
0 0.5541666666666667 0.065 0.041666666666666664 0.07 21
0 0.4583333333333333 0.1 0.06111111111111111 0.11 22
0 0.31805555555555554 0.075 0.041666666666666664 0.09 23
0 0.3888888888888889 0.14 0.03333333333333333 0.12 24
0 0.006944444444444444 0.72 0.013888888888888888 0.07 108
0 0.02361111111111111 0.91 0.041666666666666664 0.14 109
