2 0.6152777777777778 0.0975 0.09166666666666666 0.115 43
2 0.7347222222222223 0.3075 0.075 0.105 44
2 0.8541666666666666 0.2775 0.05277777777777778 0.075 45
0 0.5138888888888888 0.06 0.05 0.1 58
0 0.6319444444444444 0.2525 0.04722222222222222 0.085 59
0 0.6041666666666666 0.3175 0.041666666666666664 0.085 60
0 0.7291666666666666 0.605 0.11388888888888889 0.18 61
0 0.875 0.48 0.05555555555555555 0.11 62
0 0.9583333333333334 0.675 0.07222222222222222 0.05 63
0 0.9333333333333333 0.1525 0.06111111111111111 0.065 64
0 0.9847222222222223 0.1175 0.030555555555555555 0.045 66
0 0.9986111111111111 0.01 0.002777777777777778 0.02 67
