0 0.08888888888888889 0.375 0.044444444444444446 0.06 3
0 0.002777777777777778 0.33 0.005555555555555556 0.1 4
0 0.2569444444444444 0.3675 0.04722222222222222 0.095 5
0 0.12361111111111112 0.1675 0.03611111111111111 0.075 6
0 0.04861111111111111 0.7625 0.06944444444444445 0.085 7
0 0.059722222222222225 0.635 0.04722222222222222 0.11 8
0 0.36944444444444446 0.205 0.08333333333333333 0.12 11
0 0.43194444444444446 0.375 0.025 0.07 12
0 0.4861111111111111 0.375 0.03333333333333333 0.08 13
0 0.5236111111111111 0.3675 0.030555555555555555 0.095 14
0 0.3388888888888889 0.6 0.06111111111111111 0.11 15
0 0.46805555555555556 0.6375 0.058333333333333334 0.055 16
0 0.5736111111111111 0.5225 0.058333333333333334 0.065 17
0 0.7222222222222222 0.505 0.06666666666666667 0.09 18
0 0.9152777777777777 0.4475 0.04722222222222222 0.055 19
0 0.7111111111111111 0.405 0.044444444444444446 0.06 20
0 0.5541666666666667 0.73 0.041666666666666664 0.07 21
0 0.4583333333333333 0.765 0.06111111111111111 0.11 22
0 0.31805555555555554 0.74 0.041666666666666664 0.09 23
0 0.3888888888888889 0.805 0.03333333333333333 0.12 24
0 0.525 0.14 0.044444444444444446 0.09 25
0 0.8138888888888889 0.49 0.05 0.06 26
0 0.8638888888888889 0.4925 0.044444444444444446 0.075 27
0 0.7583333333333333 0.3875 0.027777777777777776 0.065 28
0 0.8930555555555556 0.33 0.04722222222222222 0.08 29
0 0.6194444444444445 0.18 0.03333333333333333 0.09 30
0 0.7375 0.155 0.03611111111111111 0.06 31
0 0.20555555555555555 0.415 0.044444444444444446 0.09 32
2 0.37222222222222223 0.31 0.044444444444444446 0.06 34
2 0.8944444444444445 0.2575 0.06111111111111111 0.085 35
2 0.9916666666666667 0.4675 0.016666666666666666 0.065 36
2 0.3611111111111111 0.55 0.05555555555555555 0.07 37
2 0.7319444444444444 0.32 0.041666666666666664 0.06 51
0 0.4 0.6275 0.05 0.055 111
