2 0.059722222222222225 0.025 0.075 0.05 42
2 0.28194444444444444 0.7675 0.09166666666666666 0.115 43
2 0.4013888888888889 0.9625 0.075 0.075 44
2 0.5208333333333334 0.9475 0.05277777777777778 0.075 45
2 0.7611111111111111 0.8625 0.05 0.075 46
2 0.12222222222222222 0.2525 0.06111111111111111 0.095 48
0 0.2361111111111111 0.015 0.16111111111111112 0.03 52
0 0.018055555555555554 0.055 0.03611111111111111 0.05 57
0 0.18055555555555555 0.73 0.05 0.1 58
0 0.2986111111111111 0.9225 0.04722222222222222 0.085 59
0 0.2708333333333333 0.9725 0.041666666666666664 0.055 60
0 0.6 0.8225 0.06111111111111111 0.065 64
0 0.8208333333333333 0.71 0.058333333333333334 0.06 65
0 0.6638888888888889 0.7875 0.05555555555555555 0.045 66
0 0.6930555555555555 0.66 0.058333333333333334 0.06 67
0 0.7736111111111111 0.96 0.058333333333333334 0.08 68
