0 0.7805555555555556 0.0075 0.17777777777777778 0.015 69
0 0.6833333333333333 0.785 0.1388888888888889 0.21 71
0 0.675 0.935 0.11666666666666667 0.13 73
0 0.25 0.9 0.19444444444444445 0.2 74
2 0.3875 0.8425 0.05277777777777778 0.075 76
2 0.3958333333333333 0.98 0.041666666666666664 0.04 77
2 0.4625 0.9725 0.041666666666666664 0.055 78
2 0.44305555555555554 0.81 0.03611111111111111 0.09 79
1 1.0 0.7675 0.0 0.465 96
2 0.14444444444444443 0.9925 0.03888888888888889 0.015 110
2 0.26805555555555555 0.755 0.03611111111111111 0.07 113
