0 0.2111111111111111 0.65 0.12222222222222222 0.32 1
0 0.19583333333333333 0.415 0.09722222222222222 0.14 2
0 0.4222222222222222 0.375 0.044444444444444446 0.06 3
0 0.31666666666666665 0.33 0.044444444444444446 0.1 4
0 0.5902777777777778 0.3675 0.04722222222222222 0.095 5
0 0.45694444444444443 0.1675 0.03611111111111111 0.075 6
0 0.3819444444444444 0.7625 0.06944444444444445 0.085 7
0 0.39305555555555555 0.635 0.04722222222222222 0.11 8
0 0.7027777777777777 0.205 0.08333333333333333 0.12 11
0 0.7652777777777777 0.375 0.025 0.07 12
0 0.8194444444444444 0.375 0.03333333333333333 0.08 13
0 0.8569444444444444 0.3675 0.030555555555555555 0.095 14
0 0.6722222222222223 0.6 0.06111111111111111 0.11 15
0 0.8013888888888889 0.6375 0.058333333333333334 0.055 16
0 0.9069444444444444 0.5225 0.058333333333333334 0.065 17
0 0.8875 0.73 0.041666666666666664 0.07 21
0 0.7916666666666666 0.765 0.06111111111111111 0.11 22
0 0.6513888888888889 0.74 0.041666666666666664 0.09 23
0 0.7222222222222222 0.805 0.03333333333333333 0.12 24
0 0.8583333333333333 0.14 0.044444444444444446 0.09 25
0 0.9527777777777777 0.18 0.03333333333333333 0.09 30
0 0.5388888888888889 0.415 0.044444444444444446 0.09 32
2 0.25 0.2525 0.07777777777777778 0.105 33
2 0.7055555555555556 0.31 0.044444444444444446 0.06 34
2 0.6944444444444444 0.55 0.05555555555555555 0.07 37
0 0.7333333333333333 0.6275 0.05 0.055 111
