0 0.6833333333333333 0.45 0.1388888888888889 0.21 71
0 0.675 0.9225 0.1111111111111111 0.155 72
0 0.675 0.6875 0.11666666666666667 0.305 73
0 0.25 0.6625 0.19444444444444445 0.395 74
2 0.3875 0.5075 0.05277777777777778 0.075 76
2 0.3958333333333333 0.66 0.041666666666666664 0.07 77
2 0.4625 0.65 0.041666666666666664 0.08 78
2 0.44305555555555554 0.475 0.03611111111111111 0.09 79
2 0.46944444444444444 0.825 0.044444444444444446 0.07 80
2 0.4722222222222222 0.9175 0.044444444444444446 0.075 81
2 0.47638888888888886 1.0 0.04722222222222222 0.0 82
1 1.0 0.4775 0.0 0.555 96
1 0.9833333333333333 0.8875 0.03333333333333333 0.225 97
2 0.2111111111111111 0.99 0.03888888888888889 0.02 103
2 0.38333333333333336 0.9275 0.03333333333333333 0.055 104
2 0.38055555555555554 0.8575 0.03888888888888889 0.055 105
2 0.14444444444444443 0.6875 0.03888888888888889 0.075 110
2 0.20555555555555555 0.905 0.03333333333333333 0.06 112
2 0.26805555555555555 0.42 0.03611111111111111 0.07 113
