2 0.20277777777777778 0.7675 0.05 0.075 49
2 0.3111111111111111 0.74 0.05555555555555555 0.06 50
0 0.23055555555555557 0.9325 0.16111111111111112 0.135 53
0 0.9736111111111111 0.115 0.05277777777777778 0.21 71
0 0.9763888888888889 0.615 0.04722222222222222 0.21 72
0 0.975 0.3525 0.05 0.305 73
0 0.5833333333333334 0.3275 0.19444444444444445 0.395 74
0 0.5347222222222222 0.8875 0.18611111111111112 0.225 75
2 0.7208333333333333 0.1725 0.05277777777777778 0.075 76
2 0.7291666666666666 0.325 0.041666666666666664 0.07 77
2 0.7958333333333333 0.315 0.041666666666666664 0.08 78
2 0.7763888888888889 0.14 0.03611111111111111 0.09 79
2 0.8027777777777778 0.49 0.044444444444444446 0.07 80
2 0.8055555555555556 0.5825 0.044444444444444446 0.075 81
2 0.8097222222222222 0.71 0.04722222222222222 0.09 82
2 0.5736111111111111 0.805 0.03611111111111111 0.07 83
2 0.9333333333333333 0.8275 0.06111111111111111 0.095 84
2 0.5444444444444444 0.6725 0.03888888888888889 0.055 103
2 0.7166666666666667 0.5925 0.03333333333333333 0.055 104
2 0.7138888888888889 0.5225 0.03888888888888889 0.055 105
2 0.9902777777777778 0.8575 0.019444444444444445 0.075 106
2 0.5722222222222222 0.735 0.044444444444444446 0.05 107
2 0.4777777777777778 0.3525 0.03888888888888889 0.075 110
2 0.5388888888888889 0.57 0.03333333333333333 0.06 112
2 0.6013888888888889 0.085 0.03611111111111111 0.07 113
2 0.9430555555555555 0.7475 0.041666666666666664 0.055 114
