2 0.030555555555555555 0.2125 0.06111111111111111 0.115 41
2 0.059722222222222225 0.6575 0.075 0.115 42
2 0.12222222222222222 0.9175 0.06111111111111111 0.095 48
2 0.8694444444444445 0.1025 0.05 0.075 49
2 0.975 0.075 0.05 0.06 50
0 0.2361111111111111 0.4325 0.16111111111111112 0.525 52
0 0.8972222222222223 0.2975 0.16111111111111112 0.195 53
0 0.22361111111111112 0.0625 0.058333333333333334 0.055 54
0 0.1111111111111111 0.1125 0.044444444444444446 0.095 55
0 0.011111111111111112 0.6025 0.022222222222222223 0.075 56
0 0.018055555555555554 0.72 0.03611111111111111 0.05 57
