0 0.35 0.45 0.1388888888888889 0.21 71
0 0.3416666666666667 0.9225 0.1111111111111111 0.155 72
0 0.3416666666666667 0.6875 0.11666666666666667 0.305 73
0 0.006944444444444444 0.6625 0.013888888888888888 0.395 74
2 0.05416666666666667 0.5075 0.05277777777777778 0.075 76
2 0.0625 0.66 0.041666666666666664 0.07 77
2 0.12916666666666668 0.65 0.041666666666666664 0.08 78
2 0.10972222222222222 0.475 0.03611111111111111 0.09 79
2 0.1361111111111111 0.825 0.044444444444444446 0.07 80
2 0.1388888888888889 0.9175 0.044444444444444446 0.075 81
2 0.14305555555555555 1.0 0.04722222222222222 0.0 82
1 0.8333333333333334 0.0025 0.11666666666666667 0.005 94
1 0.7458333333333333 0.1 0.11388888888888889 0.17 95
1 0.7069444444444445 0.4775 0.08055555555555556 0.555 96
1 0.6791666666666667 0.8875 0.09166666666666666 0.225 97
2 0.05 0.9275 0.03333333333333333 0.055 104
2 0.04722222222222222 0.8575 0.03888888888888889 0.055 105
