2 0.5361111111111111 0.7675 0.05 0.075 49
2 0.6444444444444445 0.74 0.05555555555555555 0.06 50
0 0.5638888888888889 0.9325 0.16111111111111112 0.135 53
0 0.9097222222222222 0.3275 0.18055555555555555 0.395 74
0 0.8680555555555556 0.8875 0.18611111111111112 0.225 75
2 0.9069444444444444 0.805 0.03611111111111111 0.07 83
2 0.8777777777777778 0.6725 0.03888888888888889 0.055 103
2 0.9055555555555556 0.735 0.044444444444444446 0.05 107
2 0.8111111111111111 0.3525 0.03888888888888889 0.075 110
2 0.8722222222222222 0.57 0.03333333333333333 0.06 112
2 0.9347222222222222 0.085 0.03611111111111111 0.07 113
