2 0.28194444444444444 0.0975 0.09166666666666666 0.115 43
2 0.4013888888888889 0.3075 0.075 0.105 44
2 0.5208333333333334 0.2775 0.05277777777777778 0.075 45
2 0.7611111111111111 0.1925 0.05 0.075 46
2 0.7472222222222222 0.4375 0.05 0.075 47
0 0.18055555555555555 0.06 0.05 0.1 58
0 0.2986111111111111 0.2525 0.04722222222222222 0.085 59
0 0.2708333333333333 0.3175 0.041666666666666664 0.085 60
0 0.3958333333333333 0.605 0.11388888888888889 0.18 61
0 0.5416666666666666 0.48 0.05555555555555555 0.11 62
0 0.625 0.675 0.07222222222222222 0.05 63
0 0.6 0.1525 0.06111111111111111 0.065 64
0 0.8208333333333333 0.04 0.058333333333333334 0.06 65
0 0.6638888888888889 0.1175 0.05555555555555555 0.045 66
0 0.6930555555555555 0.01 0.058333333333333334 0.02 67
0 0.7736111111111111 0.3075 0.058333333333333334 0.115 68
