0 0.9736111111111111 0.45 0.05277777777777778 0.21 71
0 0.9763888888888889 0.9225 0.04722222222222222 0.155 72
0 0.975 0.6875 0.05 0.305 73
0 0.5833333333333334 0.6625 0.19444444444444445 0.395 74
2 0.7208333333333333 0.5075 0.05277777777777778 0.075 76
2 0.7291666666666666 0.66 0.041666666666666664 0.07 77
2 0.7958333333333333 0.65 0.041666666666666664 0.08 78
2 0.7763888888888889 0.475 0.03611111111111111 0.09 79
2 0.8027777777777778 0.825 0.044444444444444446 0.07 80
2 0.8055555555555556 0.9175 0.044444444444444446 0.075 81
2 0.8097222222222222 1.0 0.04722222222222222 0.0 82
2 0.5444444444444444 0.99 0.03888888888888889 0.02 103
2 0.7166666666666667 0.9275 0.03333333333333333 0.055 104
2 0.7138888888888889 0.8575 0.03888888888888889 0.055 105
2 0.4777777777777778 0.6875 0.03888888888888889 0.075 110
2 0.5388888888888889 0.905 0.03333333333333333 0.06 112
2 0.6013888888888889 0.42 0.03611111111111111 0.07 113
