0 0.3416666666666667 0.285 0.1111111111111111 0.21 72
0 0.3416666666666667 0.0875 0.11666666666666667 0.175 73
0 0.006944444444444444 0.0975 0.013888888888888888 0.195 74
2 0.0625 0.015 0.041666666666666664 0.03 77
2 0.12916666666666668 0.0125 0.041666666666666664 0.025 78
2 0.1361111111111111 0.16 0.044444444444444446 0.07 80
2 0.1388888888888889 0.2525 0.044444444444444446 0.075 81
2 0.14305555555555555 0.38 0.04722222222222222 0.09 82
2 0.26666666666666666 0.4975 0.06111111111111111 0.095 84
0 0.4361111111111111 0.9775 0.06111111111111111 0.045 91
1 0.7069444444444445 0.045 0.08055555555555556 0.09 96
1 0.6791666666666667 0.3525 0.09166666666666666 0.485 97
1 0.7555555555555555 0.78 0.10555555555555556 0.36 98
1 0.7291666666666666 0.985 0.08055555555555556 0.03 99
2 0.05 0.2625 0.03333333333333333 0.055 104
2 0.04722222222222222 0.1925 0.03888888888888889 0.055 105
2 0.3333333333333333 0.5275 0.03888888888888889 0.075 106
2 0.2763888888888889 0.4175 0.041666666666666664 0.055 114
