2 0.20277777777777778 0.4375 0.05 0.075 49
2 0.3111111111111111 0.41 0.05555555555555555 0.06 50
0 0.23055555555555557 0.6325 0.16111111111111112 0.195 53
0 0.9763888888888889 0.285 0.04722222222222222 0.21 72
0 0.975 0.0875 0.05 0.175 73
0 0.5833333333333334 0.0975 0.19444444444444445 0.195 74
0 0.5347222222222222 0.6225 0.18611111111111112 0.355 75
2 0.7291666666666666 0.015 0.041666666666666664 0.03 77
2 0.7958333333333333 0.0125 0.041666666666666664 0.025 78
2 0.8027777777777778 0.16 0.044444444444444446 0.07 80
2 0.8055555555555556 0.2525 0.044444444444444446 0.075 81
2 0.8097222222222222 0.38 0.04722222222222222 0.09 82
2 0.5736111111111111 0.475 0.03611111111111111 0.07 83
2 0.9333333333333333 0.4975 0.06111111111111111 0.095 84
2 0.5444444444444444 0.3425 0.03888888888888889 0.055 103
2 0.7166666666666667 0.2625 0.03333333333333333 0.055 104
2 0.7138888888888889 0.1925 0.03888888888888889 0.055 105
2 0.9902777777777778 0.5275 0.019444444444444445 0.075 106
2 0.5722222222222222 0.405 0.044444444444444446 0.05 107
2 0.4777777777777778 0.03 0.03888888888888889 0.06 110
2 0.5388888888888889 0.24 0.03333333333333333 0.06 112
2 0.9430555555555555 0.4175 0.041666666666666664 0.055 114
