0 0.08888888888888889 0.04 0.044444444444444446 0.06 3
0 0.002777777777777778 0.0225 0.005555555555555556 0.045 4
0 0.2569444444444444 0.04 0.04722222222222222 0.08 5
0 0.04861111111111111 0.4275 0.06944444444444445 0.085 7
0 0.059722222222222225 0.3 0.04722222222222222 0.11 8
0 0.03611111111111111 0.74 0.06111111111111111 0.08 10
0 0.43194444444444446 0.04 0.025 0.07 12
0 0.4861111111111111 0.04 0.03333333333333333 0.08 13
0 0.5236111111111111 0.04 0.030555555555555555 0.08 14
0 0.3388888888888889 0.265 0.06111111111111111 0.11 15
0 0.46805555555555556 0.3025 0.058333333333333334 0.055 16
0 0.5736111111111111 0.1875 0.058333333333333334 0.065 17
0 0.7222222222222222 0.17 0.06666666666666667 0.09 18
0 0.9152777777777777 0.1125 0.04722222222222222 0.055 19
0 0.7111111111111111 0.07 0.044444444444444446 0.06 20
0 0.5541666666666667 0.395 0.041666666666666664 0.07 21
0 0.4583333333333333 0.43 0.06111111111111111 0.11 22
0 0.31805555555555554 0.405 0.041666666666666664 0.09 23
0 0.3888888888888889 0.47 0.03333333333333333 0.12 24
0 0.8138888888888889 0.155 0.05 0.06 26
0 0.8638888888888889 0.1575 0.044444444444444446 0.075 27
0 0.7583333333333333 0.0525 0.027777777777777776 0.065 28
0 0.8930555555555556 0.0175 0.04722222222222222 0.035 29
0 0.20555555555555555 0.08 0.044444444444444446 0.09 32
2 0.37222222222222223 0.0025 0.044444444444444446 0.005 34
2 0.9916666666666667 0.1325 0.016666666666666666 0.065 36
2 0.3611111111111111 0.215 0.05555555555555555 0.07 37
2 0.7319444444444444 0.0075 0.041666666666666664 0.015 51
0 0.4 0.2925 0.05 0.055 111
