0 0.5444444444444444 0.0725 0.12222222222222222 0.145 1
0 0.7152777777777778 0.0975 0.06944444444444445 0.085 7
0 0.7263888888888889 0.0125 0.04722222222222222 0.025 8
0 0.5791666666666667 0.445 0.08055555555555556 0.12 9
0 0.7027777777777777 0.41 0.06111111111111111 0.08 10
0 0.9819444444444444 0.075 0.03611111111111111 0.09 23
2 0.5111111111111111 0.4225 0.05555555555555555 0.115 38
2 0.5458333333333333 0.5925 0.08055555555555556 0.115 39
2 0.6027777777777777 0.805 0.05555555555555555 0.1 40
0 0.6472222222222223 0.72 0.06666666666666667 0.07 108
0 0.6902777777777778 0.91 0.041666666666666664 0.14 109
