0 0.5444444444444444 0.315 0.12222222222222222 0.32 1
0 0.5291666666666667 0.08 0.09722222222222222 0.14 2
0 0.7555555555555555 0.04 0.044444444444444446 0.06 3
0 0.65 0.0225 0.044444444444444446 0.045 4
0 0.9236111111111112 0.04 0.04722222222222222 0.08 5
0 0.7152777777777778 0.4275 0.06944444444444445 0.085 7
0 0.7263888888888889 0.3 0.04722222222222222 0.11 8
0 0.5791666666666667 0.775 0.08055555555555556 0.12 9
0 0.7027777777777777 0.74 0.06111111111111111 0.08 10
0 0.9875 0.265 0.025 0.11 15
0 0.9819444444444444 0.405 0.03611111111111111 0.09 23
0 0.8722222222222222 0.08 0.044444444444444446 0.09 32
2 1.0 0.215 0.0 0.07 37
2 0.5111111111111111 0.7525 0.05555555555555555 0.115 38
2 0.5458333333333333 0.9225 0.08055555555555556 0.115 39
