0 0.09861111111111111 0.04 0.025 0.07 12
0 0.1527777777777778 0.04 0.03333333333333333 0.08 13
0 0.19027777777777777 0.04 0.030555555555555555 0.08 14
0 0.018055555555555554 0.265 0.03611111111111111 0.11 15
0 0.13472222222222222 0.3025 0.058333333333333334 0.055 16
0 0.24027777777777778 0.1875 0.058333333333333334 0.065 17
0 0.3888888888888889 0.17 0.06666666666666667 0.09 18
0 0.5819444444444445 0.1125 0.04722222222222222 0.055 19
0 0.37777777777777777 0.07 0.044444444444444446 0.06 20
0 0.22083333333333333 0.395 0.041666666666666664 0.07 21
0 0.125 0.43 0.06111111111111111 0.11 22
0 0.002777777777777778 0.405 0.005555555555555556 0.09 23
0 0.05555555555555555 0.47 0.03333333333333333 0.12 24
0 0.48055555555555557 0.155 0.05 0.06 26
0 0.5305555555555556 0.1575 0.044444444444444446 0.075 27
0 0.425 0.0525 0.027777777777777776 0.065 28
0 0.5597222222222222 0.0175 0.04722222222222222 0.035 29
2 0.03888888888888889 0.0025 0.044444444444444446 0.005 34
2 0.6819444444444445 0.1325 0.06388888888888888 0.065 36
2 0.027777777777777776 0.215 0.05555555555555555 0.07 37
2 0.39861111111111114 0.0075 0.041666666666666664 0.015 51
0 0.06666666666666667 0.2925 0.05 0.055 111
