2 0.06805555555555555 0.6425 0.075 0.105 44
2 0.1875 0.6125 0.05277777777777778 0.075 45
2 0.42777777777777776 0.5275 0.05 0.075 46
2 0.41388888888888886 0.7725 0.05 0.075 47
0 0.0625 0.925 0.11388888888888889 0.15 61
0 0.20833333333333334 0.815 0.05555555555555555 0.11 62
0 0.2916666666666667 0.9925 0.07222222222222222 0.015 63
0 0.26666666666666666 0.4875 0.06111111111111111 0.065 64
0 0.4875 0.375 0.058333333333333334 0.06 65
0 0.33055555555555555 0.4525 0.05555555555555555 0.045 66
0 0.3597222222222222 0.325 0.058333333333333334 0.06 67
0 0.44027777777777777 0.6425 0.058333333333333334 0.115 68
