     0/199     1.52G   0.07157   0.04837   0.03144    0.1514       156       640  0.002215   0.04548 0.0002791 4.293e-05   0.09963    0.1203   0.03141
     1/199     1.58G   0.06754    0.0534   0.02842    0.1494       223       640  0.005272   0.00565 0.0007304 0.0001186   0.09762     0.123   0.02891
     2/199     1.58G   0.06547   0.05306   0.02493    0.1435       164       640    0.1645   0.01003  0.004338  0.001211   0.09301    0.1269    0.0257
     3/199     1.58G   0.06364   0.05488   0.02187    0.1404       179       640    0.4422   0.08524  0.008649  0.002339   0.09075    0.1236   0.02355
     4/199     1.58G   0.06186   0.05228   0.01935    0.1335       123       640     0.658   0.08287   0.02594  0.006905   0.09118    0.1181   0.02293
     5/199     1.58G   0.06051   0.05383   0.01755    0.1319       107       640    0.6536   0.08557   0.03946   0.01024   0.08635    0.1303   0.02058
     6/199     1.58G   0.05867     0.052   0.01554    0.1262       116       640    0.5525    0.1223   0.08657   0.02664   0.08218    0.1314   0.01818
     7/199     1.58G   0.05778   0.05298   0.01388    0.1246       204       640    0.6987     0.117   0.09773   0.02446   0.08354    0.1255   0.01806
     8/199     1.59G   0.05689   0.05179   0.01251    0.1212       204       640    0.3815    0.1253    0.1259   0.03766   0.07964    0.1299   0.01619
     9/199     1.59G   0.05574   0.05241   0.01146    0.1196       186       640     0.787     0.164    0.1552   0.04261   0.07804    0.1306   0.01414
    10/199     1.59G   0.05567   0.04879   0.01077    0.1152        76       640    0.6838    0.1503   0.08573    0.0168   0.08329    0.1284    0.0136
    11/199     1.59G   0.05447   0.04958  0.009697    0.1137       145       640    0.7945    0.2193    0.2025   0.05819   0.07629    0.1339   0.01195
    12/199     1.59G   0.05395   0.04942  0.008881    0.1123       169       640    0.8018    0.2168    0.1959   0.04959    0.0753     0.128   0.01121
    13/199     1.59G   0.05279   0.04741  0.008171    0.1084       136       640    0.8222    0.2265    0.2312   0.07011   0.07422    0.1308   0.01161
    14/199     1.59G   0.05258   0.04591  0.007799    0.1063        38       640    0.6187    0.2313     0.179   0.03565   0.07726    0.1297  0.009629
    15/199     1.59G   0.05164   0.04621  0.007115     0.105        79       640    0.7254    0.2806    0.2627   0.06819    0.0738    0.1289   0.01031
    16/199     1.59G   0.05123   0.04297  0.006584    0.1008       131       640    0.7185    0.2641     0.249   0.06149   0.07552    0.1283   0.01067
    17/199     1.59G   0.05131   0.04312  0.006745    0.1012       154       640    0.7643    0.3087    0.2984   0.08082   0.07211    0.1313  0.009791
    18/199     1.59G   0.05004   0.04153  0.006131   0.09771        43       640    0.7794    0.2865    0.2931   0.09422   0.07276    0.1286   0.01057
    19/199     1.59G   0.04908   0.04232  0.005772   0.09717        81       640    0.7984    0.3169    0.3056   0.08388   0.07144    0.1327  0.009585
    20/199     1.59G   0.04894   0.04093  0.005482   0.09535        88       640    0.7105     0.253    0.2375   0.06575   0.07431    0.1345  0.009499
    21/199     1.59G   0.04892   0.04232  0.005416   0.09666       134       640    0.7788    0.2954    0.2911   0.07484   0.07234     0.135  0.009117
    22/199     1.59G   0.04854   0.04159   0.00533   0.09546        97       640    0.8406    0.2973    0.3103   0.08049   0.07376    0.1304  0.009338
    23/199     1.59G   0.04848   0.04122   0.00525   0.09494       243       640    0.7518    0.2943    0.2702   0.06119   0.07441    0.1328  0.009369
    24/199     1.59G   0.04805   0.04077  0.004946   0.09377       108       640    0.8031    0.3139    0.3091    0.1029   0.07007    0.1351   0.00916
    25/199     1.59G   0.04768   0.04043   0.00486   0.09297       109       640    0.8221    0.3382     0.335   0.09103   0.07239    0.1315  0.008959
    26/199     1.59G   0.04701   0.03943  0.004546   0.09099       142       640    0.8095    0.3007    0.3032   0.08066   0.07308    0.1317  0.008569
    27/199     1.59G   0.04723   0.03912  0.004761   0.09111       152       640    0.7997    0.3134     0.314   0.08382   0.07228    0.1316  0.008365
    28/199     1.59G   0.04674   0.04092  0.004726   0.09239       130       640    0.8651     0.341    0.3609    0.1084   0.07081    0.1301  0.008477
    29/199     1.59G    0.0463   0.04067   0.00429   0.09126        95       640    0.8194    0.3474     0.362    0.1064   0.07069    0.1313  0.008696
