0 0.402771 0.580384 0.011874 0.012079
2 0.415849 0.569496 0.007400 0.007996
2 0.415849 0.557758 0.003614 0.006295
2 0.415333 0.560310 0.006711 0.007315
3 0.381862 0.575281 0.006539 0.002892
3 0.371881 0.575281 0.010325 0.003913
4 0.382378 0.588380 0.027534 0.006635
4 0.421184 0.571368 0.008432 0.046104
5 0.429358 0.570687 0.006883 0.044743
2 0.399157 0.590677 0.006711 0.005104
2 0.395285 0.597737 0.004474 0.004934
2 0.409224 0.595185 0.005163 0.005954
2 0.373688 0.597482 0.011530 0.007826
0 0.406470 0.606073 0.006539 0.007656
0 0.388057 0.602756 0.005163 0.006465
0 0.396575 0.609136 0.003270 0.002892
0 0.390466 0.608285 0.002065 0.001871
0 0.402426 0.664001 0.008432 0.009187
0 0.390724 0.606669 0.002581 0.001701
0 0.392876 0.609901 0.002753 0.002722
0 0.392015 0.582001 0.004474 0.005444
2 0.368783 0.555036 0.017209 0.006635
2 0.356995 0.597567 0.004646 0.005274
0 0.358888 0.608030 0.003270 0.003062
0 0.364395 0.601565 0.003270 0.003403
0 0.363535 0.605223 0.002925 0.003573
3 0.410773 0.581405 0.002065 0.003232
3 0.412063 0.572474 0.002237 0.005104
2 0.408966 0.569326 0.006367 0.005954
2 0.440630 0.595015 0.004991 0.004593
2 0.445792 0.597567 0.003958 0.007996
4 0.374204 0.593739 0.041129 0.003743
4 0.405524 0.590932 0.008776 0.003913
4 0.417828 0.605308 0.015144 0.016332
4 0.381174 0.604712 0.010325 0.015822
4 0.397436 0.618152 0.024609 0.012079
2 0.402340 0.550017 0.009637 0.007145
2 0.411719 0.547976 0.007744 0.009527
0 0.414387 0.530282 0.006539 0.007826
2 0.421700 0.520330 0.006711 0.005274
2 0.429616 0.481797 0.005679 0.007145
0 0.502581 0.467931 0.075891 0.097482
0 0.556445 0.449813 0.004646 0.005784
0 0.554035 0.460786 0.009465 0.014461
0 0.552917 0.476097 0.007228 0.015481
0 0.547668 0.489622 0.007744 0.005784
0 0.350370 0.656516 0.009637 0.004764
0 0.316555 0.616876 0.008432 0.006125
0 0.210893 0.574260 0.012562 0.006635
0 0.213819 0.596376 0.012907 0.010378
2 0.336001 0.653539 0.005335 0.006295
2 0.342798 0.643331 0.004130 0.003913
2 0.496472 0.592974 0.013423 0.009697
2 0.509379 0.595526 0.008260 0.010378
4 0.445190 0.539384 0.056100 0.013780
4 0.399329 0.537683 0.021511 0.016162
4 0.344175 0.552994 0.028222 0.010037
4 0.366030 0.545934 0.017209 0.009527
4 0.333936 0.563117 0.023232 0.006465
4 0.317587 0.580640 0.035278 0.025179
4 0.506281 0.528071 0.012390 0.009187
