0 0.559896 0.859722 0.202083 0.280556
0 0.523958 0.537500 0.089583 0.104630
0 0.149219 0.398611 0.117188 0.115741
0 0.042188 0.452778 0.052083 0.087037
0 0.022135 0.534259 0.043229 0.101852
0 0.028906 0.652315 0.056771 0.073148
0 0.082552 0.933333 0.111979 0.133333
4 0.395573 0.347222 0.119271 0.692593
4 0.337500 0.924537 0.066667 0.150926
4 0.158854 0.844444 0.107292 0.177778
4 0.321615 0.198148 0.047396 0.394444
4 0.152865 0.143056 0.188021 0.284259
6 0.351042 0.380093 0.013542 0.047222
3 0.657031 0.215741 0.045312 0.140741
3 0.659375 0.036574 0.045833 0.071296
