0 0.095573 0.498611 0.158854 0.197222
4 0.093750 0.819444 0.186458 0.361111
4 0.348958 0.582407 0.059375 0.261111
4 0.186458 0.354630 0.113542 0.175926
4 0.437240 0.181481 0.114062 0.237037
0 0.073438 0.182407 0.056250 0.088889
0 0.065625 0.060185 0.057292 0.109259
0 0.570312 0.199537 0.085417 0.121296
0 0.577865 0.545833 0.205729 0.367593
2 0.240885 0.668981 0.100521 0.125000
2 0.269792 0.195833 0.093750 0.104630
2 0.236979 0.506944 0.086458 0.104630
2 0.740625 0.800926 0.089583 0.188889
2 0.382292 0.315278 0.105208 0.202778
6 0.383073 0.293981 0.036979 0.063889
