3 0.661458 0.205093 0.033333 0.110185
4 0.159896 0.132870 0.170833 0.263889
4 0.400521 0.333333 0.090625 0.664815
4 0.314063 0.193519 0.062500 0.370370
4 0.339844 0.925463 0.054688 0.149074
4 0.167969 0.828704 0.103646 0.185185
2 0.234115 0.599537 0.090104 0.095370
2 0.229167 0.922222 0.085417 0.081481
2 0.351042 0.702778 0.098958 0.183333
0 0.145313 0.380556 0.112500 0.122222
0 0.043750 0.439815 0.045833 0.094444
0 0.022135 0.531944 0.043229 0.078704
0 0.031250 0.640278 0.055208 0.087963
1 0.011979 0.264352 0.022917 0.086111
0 0.527083 0.523611 0.088542 0.104630
0 0.081510 0.926852 0.088021 0.146296
0 0.556771 0.848148 0.194792 0.303704
3 0.659635 0.037500 0.048438 0.073148
