1 0.018750 0.166667 0.036458 0.075926
0 0.094010 0.841204 0.110937 0.186111
0 0.565365 0.777778 0.175521 0.353704
0 0.538542 0.430556 0.091667 0.133333
4 0.402344 0.293056 0.114062 0.584259
4 0.360156 0.365278 0.031771 0.078704
4 0.172656 0.716667 0.116146 0.177778
4 0.160677 0.088426 0.180729 0.175000
4 0.321875 0.136111 0.061458 0.270370
4 0.345573 0.855093 0.077604 0.247222
2 0.365885 0.567130 0.144271 0.191667
2 0.769531 0.933333 0.124479 0.133333
2 0.244010 0.500000 0.109896 0.101852
2 0.251823 0.952778 0.110937 0.094444
2 0.240885 0.806019 0.099479 0.086111
0 0.154688 0.287963 0.119792 0.122222
0 0.058333 0.341667 0.066667 0.101852
0 0.031771 0.441204 0.058333 0.115741
0 0.041146 0.550000 0.066667 0.101852
3 0.664583 0.115278 0.037500 0.189815
