4 0.453385 0.119907 0.134896 0.237963
4 0.340885 0.432870 0.068229 0.308333
4 0.091146 0.640278 0.145833 0.434259
4 0.329167 0.905093 0.284375 0.189815
4 0.214844 0.182407 0.104688 0.183333
0 0.099219 0.301389 0.142187 0.221296
0 0.578646 0.471296 0.202083 0.379630
0 0.599479 0.131944 0.104167 0.137963
2 0.395052 0.211111 0.103646 0.207407
2 0.244010 0.504630 0.093229 0.151852
2 0.240885 0.366667 0.095312 0.114815
2 0.714063 0.776389 0.098958 0.149074
6 0.395313 0.252315 0.029167 0.080556
3 0.473438 0.663426 0.076042 0.123148
3 0.631771 0.796759 0.061458 0.080556
