3 0.652083 0.246296 0.052083 0.140741
0 0.081771 0.943056 0.084375 0.113889
0 0.032031 0.666667 0.063021 0.092593
0 0.020833 0.559259 0.040625 0.100000
0 0.045312 0.473148 0.047917 0.081481
0 0.139323 0.408796 0.105729 0.132407
0 0.552344 0.861111 0.210938 0.277778
0 0.534635 0.559259 0.075521 0.135185
2 0.243229 0.645370 0.108333 0.116667
2 0.360156 0.719907 0.098437 0.217593
2 0.225521 0.948148 0.101042 0.103704
6 0.350000 0.377778 0.018750 0.066667
4 0.393750 0.351389 0.109375 0.700926
4 0.141406 0.158796 0.200521 0.315741
4 0.162760 0.854167 0.088021 0.178704
3 0.652865 0.052778 0.045312 0.103704
