0 0.587240 0.388426 0.214062 0.458333
0 0.662760 0.069444 0.086979 0.137037
0 0.094010 0.955093 0.057813 0.089815
4 0.260417 0.729630 0.240625 0.300000
4 0.430990 0.899074 0.141146 0.201852
4 0.077604 0.195833 0.154167 0.389815
4 0.369792 0.238426 0.039583 0.271296
2 0.258333 0.248611 0.110417 0.158333
2 0.284635 0.098611 0.063021 0.089815
2 0.460677 0.066204 0.098437 0.130556
2 0.607552 0.916204 0.096354 0.167593
2 0.671094 0.739352 0.105729 0.171296
3 0.455469 0.515741 0.054688 0.142593
3 0.591146 0.713889 0.071875 0.125926
6 0.421615 0.209722 0.036979 0.056481
0 0.182031 0.048611 0.100521 0.095370
