2 0.246615 0.424537 0.111979 0.117593
2 0.694271 0.758333 0.095833 0.270370
2 0.634115 0.952315 0.132812 0.095370
2 0.410677 0.138426 0.121354 0.184259
2 0.266146 0.266204 0.118750 0.147222
0 0.119271 0.156481 0.135417 0.229630
0 0.587500 0.445833 0.205208 0.452778
0 0.623437 0.101852 0.096875 0.162963
6 0.408594 0.235648 0.026562 0.075000
3 0.614583 0.765741 0.060417 0.092593
3 0.464323 0.607407 0.053646 0.125926
4 0.330469 0.885185 0.278646 0.229630
4 0.086719 0.470370 0.135937 0.379630
4 0.350260 0.360185 0.059896 0.311111
4 0.492969 0.080093 0.097396 0.158333
