2 0.264583 0.137037 0.065625 0.098148
2 0.261458 0.321759 0.064583 0.095370
2 0.610938 0.924074 0.100000 0.151852
2 0.686458 0.753704 0.114583 0.200000
2 0.441927 0.092130 0.106771 0.182407
0 0.157292 0.087500 0.122917 0.173148
4 0.525260 0.050463 0.084896 0.099074
3 0.598958 0.746296 0.062500 0.096296
3 0.455469 0.544444 0.049479 0.114815
6 0.418750 0.212963 0.023958 0.050000
4 0.290625 0.822685 0.288542 0.313889
4 0.066927 0.327778 0.132812 0.420370
4 0.364063 0.280093 0.042708 0.258333
0 0.600000 0.399074 0.193750 0.403704
0 0.648438 0.078241 0.100000 0.154630
