4 0.100781 0.834259 0.200521 0.331481
4 0.174219 0.458796 0.124479 0.152778
4 0.430469 0.181481 0.127604 0.361111
4 0.346875 0.656019 0.064583 0.302778
2 0.251563 0.746296 0.123958 0.109259
2 0.236719 0.583333 0.092188 0.087037
2 0.254427 0.266667 0.124479 0.114815
2 0.386458 0.391667 0.097917 0.192593
2 0.743750 0.838889 0.117708 0.185185
0 0.571354 0.617130 0.200000 0.430556
0 0.561458 0.266204 0.091667 0.165741
0 0.092188 0.581481 0.133333 0.207407
0 0.072135 0.281019 0.058854 0.084259
0 0.059896 0.162963 0.053125 0.116667
0 0.188802 0.061111 0.110937 0.120370
0 0.090625 0.078241 0.053125 0.078704
