6 0.353385 0.375926 0.016146 0.048148
4 0.410417 0.324074 0.116667 0.646296
4 0.151302 0.117130 0.185938 0.232407
4 0.312240 0.168519 0.036979 0.335185
4 0.172135 0.777315 0.104688 0.165741
4 0.346094 0.912500 0.063021 0.175000
0 0.086458 0.912037 0.119792 0.175926
0 0.036719 0.601852 0.072396 0.085185
0 0.028906 0.493981 0.056771 0.104630
0 0.048438 0.409259 0.052083 0.081481
0 0.144010 0.347222 0.115104 0.124074
0 0.528646 0.491204 0.083333 0.102778
0 0.561198 0.836574 0.188021 0.326852
3 0.659896 0.180093 0.033333 0.112037
