2 0.486719 0.494907 0.127604 0.210185
2 0.407292 0.235648 0.103125 0.228704
2 0.257552 0.427778 0.101562 0.211111
2 0.161198 0.492593 0.082812 0.192593
2 0.059896 0.802315 0.092708 0.230556
2 0.026562 0.593056 0.048958 0.182407
3 0.720313 0.167130 0.128125 0.097222
3 0.546875 0.332407 0.083333 0.085185
0 0.817187 0.498611 0.261458 0.465741
4 0.717708 0.262500 0.075000 0.071296
6 0.480729 0.155093 0.038542 0.073148
5 0.081250 0.109259 0.161458 0.216667
4 0.057552 0.364352 0.114062 0.269444
4 0.165625 0.318519 0.084375 0.229630
4 0.228906 0.198611 0.101562 0.249074
4 0.305469 0.119444 0.077604 0.237037
4 0.409375 0.082870 0.146875 0.119444
0 0.953646 0.830556 0.092708 0.159259
