2 0.382812 0.334259 0.122917 0.207407
2 0.264323 0.701389 0.104688 0.104630
2 0.230729 0.524537 0.102083 0.093519
2 0.283854 0.215741 0.094792 0.116667
2 0.746094 0.820370 0.077604 0.185185
6 0.382292 0.294907 0.025000 0.071296
4 0.099740 0.817130 0.197396 0.365741
6 0.187760 0.400926 0.097396 0.174074
6 0.344271 0.584259 0.064583 0.261111
6 0.431771 0.190278 0.100000 0.256481
0 0.579167 0.566667 0.197917 0.420370
0 0.567969 0.204167 0.078646 0.154630
0 0.085156 0.522222 0.135937 0.183333
0 0.067969 0.202778 0.058854 0.081481
0 0.067187 0.093519 0.067708 0.094444
0 0.097135 0.022222 0.053646 0.042593
