2 0.260156 0.240278 0.098437 0.128704
2 0.269010 0.068056 0.059896 0.097222
2 0.598177 0.914352 0.093229 0.171296
2 0.671875 0.771296 0.104167 0.229630
0 0.091667 0.946759 0.066667 0.106481
4 0.225521 0.696759 0.172917 0.265741
4 0.070833 0.219444 0.140625 0.437037
4 0.408854 0.882407 0.180208 0.235185
3 0.460156 0.510185 0.054688 0.129630
3 0.585417 0.708333 0.052083 0.137037
0 0.593229 0.355093 0.214583 0.425000
0 0.660156 0.069444 0.110937 0.137037
2 0.467969 0.064815 0.094271 0.127778
6 0.420573 0.208796 0.040104 0.069444
4 0.373698 0.207870 0.066146 0.256481
0 0.166146 0.041204 0.121875 0.080556
