3 0.660677 0.431481 0.045312 0.131481
3 0.648177 0.174074 0.051562 0.303704
2 0.229948 0.839815 0.102604 0.092593
2 0.363542 0.919444 0.103125 0.161111
2 0.248177 0.154630 0.125521 0.294444
4 0.395052 0.506944 0.079687 0.878704
4 0.157031 0.365278 0.201563 0.330556
0 0.522917 0.773611 0.080208 0.115741
0 0.568490 0.971759 0.173437 0.056481
0 0.130469 0.632870 0.106771 0.156481
0 0.038542 0.698148 0.040625 0.092593
0 0.017448 0.770370 0.033854 0.090741
0 0.028125 0.883796 0.055208 0.089815
6 0.351823 0.392130 0.027604 0.047222
4 0.310417 0.293981 0.046875 0.586111
