0 0.069271 0.223611 0.056250 0.099074
0 0.089844 0.529167 0.114062 0.236111
0 0.570573 0.571759 0.172396 0.378704
0 0.565365 0.233796 0.097396 0.156481
0 0.065365 0.101389 0.074479 0.087963
0 0.097135 0.039815 0.060937 0.077778
2 0.240104 0.692130 0.122917 0.137963
2 0.233594 0.525926 0.123438 0.109259
2 0.272917 0.232407 0.105208 0.140741
2 0.384635 0.337500 0.093229 0.223148
2 0.739583 0.826852 0.098958 0.194444
4 0.433333 0.222685 0.142708 0.273148
4 0.343750 0.609259 0.065625 0.268519
4 0.099740 0.819444 0.198437 0.361111
4 0.184115 0.405556 0.123438 0.174074
