2 0.237500 0.074537 0.152083 0.147222
2 0.226302 0.761574 0.124479 0.115741
2 0.342448 0.838889 0.107813 0.205556
0 0.130729 0.535185 0.120833 0.146296
0 0.034635 0.605093 0.050521 0.084259
0 0.020313 0.687963 0.039583 0.101852
0 0.026302 0.796296 0.051562 0.085185
0 0.520833 0.690278 0.085417 0.126852
0 0.547917 0.920370 0.201042 0.159259
4 0.394010 0.425000 0.111979 0.848148
3 0.646875 0.353241 0.028125 0.126852
3 0.648438 0.111111 0.057292 0.220370
4 0.116406 0.211111 0.231771 0.420370
4 0.309635 0.275000 0.060937 0.548148
