2 0.238802 0.393519 0.088021 0.162963
2 0.237760 0.576389 0.115104 0.139815
2 0.287500 0.102778 0.115625 0.142593
2 0.390365 0.237500 0.100521 0.230556
2 0.731771 0.792130 0.119792 0.197222
4 0.340625 0.483796 0.076042 0.312037
4 0.457552 0.120833 0.125521 0.239815
4 0.082812 0.699537 0.164583 0.515741
4 0.355208 0.933333 0.288542 0.133333
0 0.577865 0.507407 0.200521 0.414815
0 0.588021 0.155093 0.089583 0.143519
0 0.094531 0.378241 0.141146 0.171296
0 0.098177 0.056481 0.059896 0.088889
4 0.212760 0.257407 0.148438 0.185185
6 0.392448 0.264352 0.042188 0.071296
3 0.473438 0.686111 0.070833 0.125926
3 0.641406 0.805556 0.070312 0.094444
