6 0.349479 0.385185 0.018750 0.037037
3 0.650260 0.405093 0.060937 0.121296
3 0.652344 0.151389 0.054688 0.300926
0 0.523958 0.757870 0.084375 0.104630
0 0.141406 0.614352 0.101562 0.112037
0 0.038021 0.677315 0.036458 0.080556
0 0.018229 0.759722 0.035417 0.087963
0 0.026823 0.873611 0.052604 0.087963
0 0.554427 0.963426 0.182812 0.073148
4 0.398438 0.495370 0.089583 0.857407
4 0.310677 0.320370 0.045312 0.638889
4 0.161458 0.352315 0.136458 0.337963
2 0.251302 0.184722 0.121354 0.273148
2 0.231510 0.830093 0.119271 0.121296
2 0.349740 0.899537 0.168229 0.200926
