0 0.120833 0.117130 0.147917 0.189815
0 0.584115 0.419907 0.193229 0.382407
0 0.627083 0.087037 0.089583 0.125926
2 0.232813 0.363889 0.097917 0.142593
2 0.422396 0.092593 0.097917 0.183333
2 0.686979 0.759259 0.110417 0.187037
2 0.637500 0.945833 0.121875 0.108333
4 0.358854 0.325000 0.039583 0.277778
4 0.070312 0.414815 0.139583 0.381481
4 0.317708 0.858333 0.312500 0.277778
6 0.411719 0.225000 0.032813 0.062963
3 0.457813 0.583796 0.058333 0.125000
3 0.606771 0.759722 0.055208 0.087963
2 0.255469 0.203704 0.078646 0.153704
4 0.511458 0.073148 0.128125 0.144444
