0 0.145313 0.097222 0.154167 0.192593
0 0.595052 0.392593 0.186979 0.385185
0 0.634115 0.082407 0.106771 0.162963
2 0.246354 0.343056 0.084375 0.113889
2 0.433854 0.094444 0.109375 0.187037
2 0.274219 0.191667 0.090104 0.125926
2 0.614323 0.936111 0.149479 0.127778
2 0.698177 0.778241 0.098437 0.212037
6 0.415104 0.214352 0.031250 0.075000
3 0.458333 0.569444 0.067708 0.140741
3 0.598958 0.740278 0.062500 0.115741
4 0.301042 0.834259 0.301042 0.331481
4 0.365104 0.312037 0.060417 0.303704
4 0.037500 0.309722 0.073958 0.545370
4 0.508594 0.062500 0.103646 0.123148
