6 0.382292 0.287037 0.022917 0.055556
4 0.441146 0.148148 0.116667 0.294444
4 0.344271 0.550463 0.063542 0.239815
0 0.577344 0.561111 0.180729 0.416667
0 0.078385 0.461111 0.149479 0.190741
0 0.075000 0.149074 0.065625 0.083333
0 0.078646 0.048148 0.082292 0.094444
0 0.569271 0.181481 0.100000 0.142593
2 0.231250 0.652778 0.118750 0.092593
2 0.241146 0.490278 0.104167 0.080556
2 0.285677 0.187963 0.088021 0.124074
2 0.392448 0.287963 0.091146 0.166667
2 0.736979 0.805556 0.090625 0.185185
3 0.484115 0.737963 0.068229 0.105556
3 0.653385 0.835185 0.065104 0.074074
4 0.186198 0.336574 0.114062 0.115741
4 0.080990 0.784259 0.160938 0.400000
4 0.327083 0.958333 0.168750 0.083333
