0 0.741667 0.360648 0.256250 0.430556
0 0.938542 0.459722 0.093750 0.210185
4 0.622656 0.182407 0.048438 0.124074
4 0.385937 0.080093 0.150000 0.158333
4 0.105469 0.826389 0.157812 0.143519
4 0.175781 0.660185 0.104688 0.174074
4 0.223177 0.476852 0.119271 0.164815
4 0.276823 0.282407 0.107813 0.194444
5 0.052604 0.363889 0.104167 0.725926
5 0.162500 0.194444 0.112500 0.387037
5 0.266146 0.087963 0.088542 0.174074
2 0.377604 0.411111 0.103125 0.187037
2 0.493229 0.537963 0.108333 0.192593
2 0.299740 0.727778 0.073438 0.264815
2 0.245052 0.788426 0.070312 0.287963
2 0.933333 0.072685 0.133333 0.143519
3 0.510677 0.363426 0.059896 0.136111
3 0.625521 0.081944 0.061458 0.106481
6 0.451042 0.202315 0.030208 0.058333
