0 0.101042 0.224537 0.165625 0.232407
0 0.608073 0.115741 0.083854 0.140741
0 0.582552 0.435648 0.201563 0.384259
4 0.348958 0.400000 0.067708 0.309259
4 0.480469 0.103241 0.101562 0.204630
4 0.212760 0.124074 0.136979 0.181481
4 0.099740 0.587037 0.198437 0.450000
4 0.326302 0.889815 0.314063 0.216667
2 0.707552 0.765278 0.109896 0.195370
2 0.412500 0.143981 0.102083 0.230556
2 0.254948 0.465278 0.072396 0.097222
2 0.246875 0.278704 0.085417 0.114815
3 0.469271 0.638426 0.068750 0.126852
3 0.620052 0.770370 0.059896 0.094444
