6 0.494271 0.138426 0.042708 0.050926
4 0.083594 0.271759 0.166146 0.354630
4 0.217708 0.189815 0.097917 0.290741
2 0.486979 0.473148 0.152083 0.181481
2 0.409635 0.191667 0.149479 0.240741
3 0.742448 0.217593 0.154688 0.111111
3 0.555990 0.335648 0.094271 0.080556
2 0.230729 0.391204 0.122917 0.300926
2 0.137760 0.439815 0.068229 0.251852
2 0.041667 0.690278 0.082292 0.258333
2 0.095573 0.956019 0.190104 0.087963
0 0.797135 0.544444 0.336979 0.483333
4 0.746354 0.305556 0.084375 0.088889
0 0.944531 0.923148 0.110937 0.153704
