2 0.364583 0.455556 0.098958 0.250000
2 0.316146 0.724074 0.128125 0.224074
2 0.300521 0.916667 0.184375 0.166667
4 0.603125 0.195833 0.056250 0.126852
4 0.178125 0.869444 0.153125 0.261111
4 0.254688 0.568519 0.095833 0.307407
4 0.303906 0.284722 0.094271 0.249074
4 0.356510 0.113889 0.117188 0.225926
5 0.161198 0.584722 0.089063 0.299074
5 0.054167 0.868519 0.107292 0.262963
5 0.208073 0.209722 0.099479 0.417593
2 0.494271 0.561111 0.147917 0.251852
0 0.718750 0.349537 0.236458 0.452778
0 0.923958 0.366204 0.093750 0.228704
