4 0.413021 0.245370 0.096875 0.488889
4 0.111719 0.922685 0.222396 0.154630
4 0.171875 0.623148 0.114583 0.170370
4 0.357812 0.776852 0.077083 0.251852
0 0.568750 0.697685 0.200000 0.354630
0 0.548177 0.336111 0.097396 0.118519
0 0.157552 0.197685 0.101562 0.132407
0 0.060937 0.262500 0.042708 0.080556
0 0.036458 0.346296 0.055208 0.098148
0 0.050521 0.457407 0.066667 0.083333
0 0.100260 0.762037 0.110937 0.177778
1 0.025521 0.087037 0.050000 0.092593
2 0.255729 0.889815 0.094792 0.107407
2 0.755208 0.869907 0.121875 0.186111
2 0.244531 0.743981 0.086979 0.113889
2 0.255729 0.429167 0.108333 0.106481
2 0.368750 0.500463 0.108333 0.206481
3 0.677865 0.046296 0.045312 0.090741
