0 0.278333 0.846667 0.19 0.1
0 0.128333 0.945 0.116667 0.11
0 0.126667 0.82 0.046667 0.14
0 0.491667 0.886667 0.09 0.226667
0 0.846667 0.97 0.086667 0.06
0 0.781667 0.811667 0.11 0.103333
0 0.518333 0.658333 0.103333 0.083333
0 0.526667 0.545 0.066667 0.083333
0 0.515 0.433333 0.076667 0.086667
0 0.516667 0.34 0.126667 0.106667
0 0.513333 0.155 0.093333 0.036667
0 0.541667 0.056667 0.083333 0.106667
0 0.738333 0.048333 0.07 0.09
0 0.738333 0.136667 0.07 0.1
0 0.763333 0.271667 0.12 0.136667
0 0.751667 0.388333 0.07 0.096667
0 0.776667 0.505 0.1 0.11
0 0.783333 0.613333 0.12 0.106667
2 0.618333 0.918333 0.063333 0.07
2 0.695 0.926667 0.056667 0.1
2 0.626667 0.581667 0.046667 0.063333
2 0.676667 0.595 0.046667 0.05
2 0.678333 0.531667 0.043333 0.05
2 0.62 0.46 0.046667 0.06
2 0.675 0.423333 0.05 0.066667
2 0.633333 0.218333 0.1 0.09
2 0.608333 0.078333 0.043333 0.043333
2 0.678333 0.115 0.043333 0.063333
2 0.491667 0.2 0.056667 0.06
2 0.48 0.255 0.053333 0.036667
