0 0.388333 0.941667 0.776667 0.116667
0 0.975 0.175 0.05 0.13
0 0.988333 0.641667 0.023333 0.096667
0 0.973333 0.95 0.053333 0.1
0 0.72 0.305 0.1 0.103333
0 0.518333 0.31 0.163333 0.16
0 0.141667 0.305 0.183333 0.196667
2 0.608333 0.04 0.096667 0.08
2 0.583333 0.138333 0.08 0.09
2 0.326667 0.101667 0.2 0.203333
2 0.863333 0.076667 0.153333 0.153333
2 0.831667 0.533333 0.183333 0.166667
2 0.83 0.39 0.06 0.086667
2 0.893333 0.421667 0.073333 0.09
2 0.756667 0.795 0.126667 0.136667
2 0.306667 0.543333 0.153333 0.126667
2 0.536667 0.601667 0.113333 0.11
2 0.153333 0.606667 0.126667 0.146667
2 0.865 0.861667 0.056667 0.096667
