0 0.113333 0.888333 0.226667 0.223333
0 0.126667 0.678333 0.173333 0.19
0 0.278333 0.048333 0.19 0.096667
0 0.128333 0.166667 0.116667 0.153333
0 0.126667 0.045 0.046667 0.09
0 0.51 0.498333 0.1 0.063333
0 0.491667 0.108333 0.09 0.216667
0 0.756667 0.508333 0.093333 0.07
0 0.868333 0.553333 0.063333 0.146667
0 0.846667 0.206667 0.086667 0.133333
0 0.781667 0.031667 0.11 0.063333
0 0.786667 0.965 0.066667 0.07
2 0.03 0.305 0.06 0.076667
2 0.398333 0.31 0.083333 0.073333
2 0.618333 0.118333 0.063333 0.07
2 0.695 0.126667 0.056667 0.1
2 0.653333 0.97 0.073333 0.053333
2 0.663333 0.84 0.126667 0.08
2 0.641667 0.771667 0.11 0.063333
2 0.676667 0.678333 0.113333 0.076667
2 0.615 0.54 0.056667 0.06
2 0.835 0.36 0.11 0.1
2 0.02 0.448333 0.04 0.103333
