0 0.965 0.646667 0.07 0.246667
0 0.576667 0.651667 0.126667 0.163333
0 0.361667 0.616667 0.19 0.14
0 0.026667 0.633333 0.053333 0.166667
0 0.42 0.058333 0.133333 0.09
0 0.036667 0.185 0.073333 0.096667
0 0.311667 0.266667 0.056667 0.06
0 0.456667 0.248333 0.106667 0.083333
0 0.753333 0.266667 0.1 0.173333
0 0.988333 0.22 0.023333 0.113333
1 0.05 0.893333 0.1 0.146667
1 0.756667 0.458333 0.1 0.123333
1 0.491667 0.818333 0.076667 0.103333
1 0.163333 0.44 0.26 0.26
1 0.231667 0.75 0.063333 0.086667
1 0.418333 0.481667 0.143333 0.07
1 0.226667 0.845 0.066667 0.103333
1 0.638333 0.803333 0.07 0.08
1 0.98 0.028333 0.04 0.056667
