0 0.965 0.446667 0.07 0.246667
0 0.523333 0.965 0.28 0.07
0 0.576667 0.451667 0.126667 0.163333
0 0.361667 0.416667 0.19 0.14
0 0.026667 0.433333 0.053333 0.166667
0 0.036667 0.016667 0.073333 0.033333
0 0.311667 0.066667 0.056667 0.06
0 0.456667 0.048333 0.106667 0.083333
0 0.753333 0.076667 0.1 0.153333
0 0.988333 0.038333 0.023333 0.076667
1 0.05 0.693333 0.1 0.146667
1 0.92 0.858333 0.093333 0.116667
1 0.756667 0.258333 0.1 0.123333
1 0.491667 0.618333 0.076667 0.103333
1 0.163333 0.24 0.26 0.26
1 0.231667 0.55 0.063333 0.086667
1 0.418333 0.281667 0.143333 0.07
1 0.226667 0.645 0.066667 0.103333
1 0.638333 0.603333 0.07 0.08
1 0.175 0.995 0.083333 0.01
1 0.778333 0.9 0.103333 0.086667
