0 0.981667 0.433333 0.036667 0.166667
0 0.823333 0.375 0.146667 0.13
0 0.856667 0.841667 0.16 0.096667
0 0.52 0.505 0.1 0.103333
0 0.318333 0.51 0.163333 0.16
0 0.315 0.033333 0.176667 0.066667
0 0.991667 0.016667 0.016667 0.033333
0 0.846667 0.101667 0.066667 0.11
0 0.016667 0.505 0.033333 0.196667
0 0.49 0.05 0.066667 0.1
2 0.408333 0.231667 0.096667 0.096667
2 0.383333 0.338333 0.08 0.09
2 0.126667 0.281667 0.2 0.243333
2 0.663333 0.25 0.153333 0.206667
2 0.631667 0.733333 0.183333 0.166667
2 0.63 0.59 0.06 0.086667
2 0.693333 0.621667 0.073333 0.09
2 0.893333 0.671667 0.08 0.07
2 0.98 0.693333 0.04 0.146667
2 0.556667 0.963333 0.126667 0.073333
2 0.106667 0.743333 0.153333 0.126667
2 0.336667 0.801667 0.113333 0.11
2 0.008333 0.806667 0.016667 0.146667
