0 0.92 0.505 0.1 0.103333
0 0.718333 0.51 0.163333 0.16
0 0.715 0.033333 0.176667 0.066667
0 0.341667 0.505 0.183333 0.196667
0 0.015 0.528333 0.03 0.13
0 0.89 0.05 0.066667 0.1
2 0.808333 0.231667 0.096667 0.096667
2 0.783333 0.338333 0.08 0.09
2 0.526667 0.281667 0.2 0.243333
2 0.97 0.733333 0.06 0.166667
2 0.946667 0.963333 0.106667 0.073333
2 0.506667 0.743333 0.153333 0.126667
2 0.736667 0.801667 0.113333 0.11
2 0.353333 0.806667 0.126667 0.146667
2 0.05 0.935 0.1 0.13
2 0.116667 0.348333 0.106667 0.11
