0 0.451667 0.698333 0.35 0.243333
0 0.526667 0.478333 0.173333 0.19
0 0.185 0.546667 0.15 0.113333
0 0.951667 0.948333 0.07 0.103333
0 0.003333 0.031667 0.006667 0.063333
0 0.243333 0.018333 0.24 0.036667
0 0.528333 0.021667 0.116667 0.043333
0 0.91 0.298333 0.1 0.063333
0 0.891667 0.008333 0.09 0.016667
1 0.035 0.125 0.07 0.09
1 0.408333 0.105 0.103333 0.076667
1 0.798333 0.11 0.083333 0.073333
1 0.993333 0.571667 0.013333 0.063333
1 0.993333 0.34 0.013333 0.06
1 0.386667 0.248333 0.106667 0.103333
