0 0.113333 0.988333 0.226667 0.023333
0 0.126667 0.878333 0.173333 0.19
0 0.278333 0.246667 0.19 0.1
0 0.128333 0.366667 0.116667 0.153333
0 0.126667 0.22 0.046667 0.14
0 0.51 0.698333 0.1 0.063333
0 0.491667 0.295 0.09 0.243333
0 0.756667 0.708333 0.093333 0.07
0 0.868333 0.753333 0.063333 0.146667
0 0.846667 0.406667 0.086667 0.133333
0 0.781667 0.211667 0.11 0.103333
0 0.518333 0.058333 0.103333 0.083333
0 0.783333 0.033333 0.12 0.066667
2 0.03 0.505 0.06 0.076667
2 0.398333 0.51 0.083333 0.073333
2 0.618333 0.318333 0.063333 0.07
2 0.695 0.326667 0.056667 0.1
2 0.626667 0.006667 0.046667 0.013333
2 0.676667 0.01 0.046667 0.02
2 0.641667 0.97 0.11 0.06
2 0.676667 0.878333 0.113333 0.076667
2 0.615 0.74 0.056667 0.06
2 0.835 0.56 0.11 0.1
2 0.02 0.648333 0.04 0.103333
