0 0.231667 0.813333 0.223333 0.373333
0 0.04 0.56 0.08 0.06
0 0.113333 0.11 0.226667 0.22
0 0.551667 0.403333 0.07 0.213333
0 0.781667 0.331667 0.07 0.103333
0 0.786667 0.17 0.066667 0.08
0 0.788333 0.461667 0.056667 0.123333
0 0.795 0.601667 0.056667 0.116667
0 0.781667 0.726667 0.09 0.113333
1 0.571667 0.91 0.09 0.073333
1 0.61 0.78 0.086667 0.086667
1 0.64 0.538333 0.086667 0.083333
1 0.676667 0.366667 0.093333 0.073333
1 0.655 0.326667 0.083333 0.06
1 0.67 0.246667 0.066667 0.046667
1 0.653333 0.17 0.073333 0.053333
1 0.663333 0.04 0.126667 0.08
