0 0.28 0.243333 0.186667 0.14
0 0.273333 0.39 0.113333 0.066667
0 0.22 0.658333 0.133333 0.09
0 0.111667 0.866667 0.056667 0.06
0 0.256667 0.848333 0.106667 0.083333
0 0.553333 0.866667 0.1 0.173333
0 0.81 0.82 0.066667 0.113333
0 0.99 0.766667 0.02 0.073333
0 0.623333 0.453333 0.053333 0.073333
0 0.956667 0.386667 0.086667 0.073333
0 0.788333 0.44 0.07 0.053333
0 0.6 0.363333 0.08 0.073333
2 0.106667 0.08 0.113333 0.1
2 0.355 0.538333 0.083333 0.11
2 0.96 0.953333 0.08 0.093333
2 0.956667 0.83 0.073333 0.086667
2 0.108333 0.34 0.09 0.12
2 0.46 0.076667 0.086667 0.08
2 0.046667 0.955 0.093333 0.09
2 0.79 0.62 0.06 0.073333
