0 0.451667 0.888333 0.35 0.223333
0 0.526667 0.678333 0.173333 0.19
0 0.185 0.746667 0.15 0.113333
0 0.243333 0.118333 0.24 0.236667
0 0.678333 0.048333 0.19 0.096667
0 0.528333 0.166667 0.116667 0.153333
0 0.526667 0.045 0.046667 0.09
0 0.91 0.498333 0.1 0.063333
0 0.891667 0.108333 0.09 0.216667
2 0.035 0.325 0.07 0.09
2 0.408333 0.305 0.103333 0.076667
2 0.798333 0.31 0.083333 0.073333
2 0.993333 0.118333 0.013333 0.07
2 0.993333 0.771667 0.013333 0.063333
2 0.993333 0.54 0.013333 0.06
2 0.386667 0.448333 0.106667 0.103333
