0 0.956667 0.985 0.086667 0.03
0 0.761667 0.973333 0.19 0.053333
0 0.408333 0.975 0.09 0.05
0 0.223333 0.955 0.146667 0.09
0 0.371667 0.253333 0.236667 0.093333
0 0.436667 0.108333 0.16 0.143333
0 0.88 0.056667 0.186667 0.113333
0 0.873333 0.19 0.113333 0.066667
0 0.82 0.458333 0.133333 0.09
0 0.428333 0.585 0.09 0.096667
0 0.246667 0.701667 0.066667 0.11
0 0.711667 0.666667 0.056667 0.06
0 0.856667 0.648333 0.106667 0.083333
2 0.955 0.338333 0.083333 0.11
2 0.063333 0.526667 0.1 0.073333
2 0.07 0.85 0.14 0.206667
2 0.708333 0.14 0.09 0.12
2 0.563333 0.84 0.26 0.26
2 0.818333 0.881667 0.143333 0.07
2 0.128333 0.033333 0.11 0.066667
