0 0.955 0.546667 0.09 0.113333
0 0.411667 0.446667 0.163333 0.246667
0 0.031667 0.965 0.063333 0.07
0 0.02 0.451667 0.04 0.163333
0 0.153333 0.076667 0.1 0.153333
0 0.41 0.038333 0.066667 0.076667
0 0.77 0.031667 0.073333 0.063333
0 0.961667 0.018333 0.076667 0.036667
1 0.53 0.9 0.193333 0.173333
1 0.32 0.858333 0.093333 0.116667
1 0.156667 0.258333 0.1 0.123333
1 0.591667 0.205 0.143333 0.196667
1 0.821667 0.125 0.096667 0.09
1 0.556667 0.036667 0.073333 0.073333
1 0.038333 0.603333 0.07 0.08
1 0.178333 0.9 0.103333 0.086667
1 0.641667 0.761667 0.083333 0.11
