0 0.171667 0.653333 0.236667 0.093333
0 0.236667 0.508333 0.16 0.143333
0 0.26 0.245 0.073333 0.123333
0 0.68 0.443333 0.186667 0.14
0 0.673333 0.59 0.113333 0.066667
0 0.62 0.858333 0.133333 0.09
0 0.228333 0.968333 0.09 0.063333
0 0.951667 0.99 0.096667 0.02
0 0.893333 0.11 0.033333 0.046667
0 0.98 0.563333 0.04 0.073333
1 0.411667 0.136667 0.11 0.133333
1 0.506667 0.28 0.113333 0.1
1 0.755 0.738333 0.083333 0.11
1 0.508333 0.54 0.09 0.12
1 0.86 0.276667 0.086667 0.08
1 0.541667 0.016667 0.11 0.033333
