0 0.081667 0.5 0.163333 0.273333
0 0.478333 0.446667 0.19 0.1
0 0.328333 0.566667 0.116667 0.153333
0 0.326667 0.42 0.046667 0.14
0 0.71 0.898333 0.1 0.063333
0 0.691667 0.495 0.09 0.243333
0 0.955 0.908333 0.09 0.07
0 0.963333 0.411667 0.073333 0.103333
0 0.718333 0.258333 0.103333 0.083333
0 0.726667 0.145 0.066667 0.083333
0 0.715 0.038333 0.076667 0.076667
0 0.951667 0.018333 0.07 0.036667
0 0.963333 0.105 0.073333 0.11
0 0.961667 0.213333 0.076667 0.106667
2 0.208333 0.705 0.103333 0.076667
2 0.598333 0.71 0.083333 0.073333
2 0.818333 0.518333 0.063333 0.07
2 0.895 0.526667 0.056667 0.1
2 0.826667 0.181667 0.046667 0.063333
2 0.876667 0.195 0.046667 0.05
2 0.878333 0.131667 0.043333 0.05
2 0.82 0.06 0.046667 0.06
2 0.875 0.028333 0.05 0.056667
2 0.815 0.94 0.056667 0.06
2 0.99 0.76 0.02 0.1
2 0.186667 0.848333 0.106667 0.103333
