0 0.251667 0.888333 0.35 0.223333
0 0.326667 0.678333 0.173333 0.19
0 0.03 0.746667 0.06 0.113333
0 0.081667 0.118333 0.163333 0.236667
0 0.478333 0.048333 0.19 0.096667
0 0.328333 0.166667 0.116667 0.153333
0 0.326667 0.045 0.046667 0.09
0 0.71 0.498333 0.1 0.063333
0 0.691667 0.108333 0.09 0.216667
0 0.955 0.508333 0.09 0.07
0 0.963333 0.031667 0.073333 0.063333
0 0.976667 0.965 0.046667 0.07
1 0.208333 0.305 0.103333 0.076667
1 0.598333 0.31 0.083333 0.073333
1 0.818333 0.118333 0.063333 0.07
1 0.895 0.126667 0.056667 0.1
1 0.853333 0.97 0.073333 0.053333
1 0.863333 0.84 0.126667 0.08
1 0.841667 0.771667 0.11 0.063333
1 0.876667 0.678333 0.113333 0.076667
1 0.815 0.54 0.056667 0.06
1 0.99 0.36 0.02 0.1
1 0.186667 0.448333 0.106667 0.103333
