0 0.956667 0.651667 0.086667 0.163333
0 0.761667 0.616667 0.19 0.14
0 0.408333 0.633333 0.09 0.166667
0 0.223333 0.575 0.146667 0.13
0 0.82 0.058333 0.133333 0.09
0 0.428333 0.185 0.09 0.096667
0 0.246667 0.301667 0.066667 0.11
0 0.711667 0.266667 0.056667 0.06
0 0.856667 0.248333 0.106667 0.083333
1 0.063333 0.126667 0.1 0.073333
1 0.07 0.45 0.14 0.206667
1 0.061667 0.925 0.123333 0.15
1 0.03 0.79 0.06 0.086667
1 0.093333 0.821667 0.073333 0.09
1 0.293333 0.871667 0.08 0.07
1 0.43 0.893333 0.14 0.146667
1 0.891667 0.818333 0.076667 0.103333
1 0.563333 0.44 0.26 0.26
1 0.631667 0.75 0.063333 0.086667
1 0.818333 0.481667 0.143333 0.07
1 0.626667 0.845 0.066667 0.103333
