0 0.811667 0.846667 0.163333 0.246667
0 0.376667 0.851667 0.126667 0.163333
0 0.161667 0.816667 0.19 0.14
0 0.273333 0.011667 0.113333 0.023333
0 0.22 0.258333 0.133333 0.09
0 0.111667 0.466667 0.056667 0.06
0 0.256667 0.448333 0.106667 0.083333
0 0.553333 0.466667 0.1 0.173333
0 0.81 0.42 0.066667 0.113333
0 0.99 0.366667 0.02 0.073333
0 0.623333 0.053333 0.053333 0.073333
0 0.956667 0.011667 0.086667 0.023333
0 0.788333 0.04 0.07 0.053333
1 0.355 0.138333 0.083333 0.11
1 0.556667 0.658333 0.1 0.123333
1 0.291667 0.983333 0.076667 0.033333
1 0.96 0.605 0.08 0.196667
1 0.956667 0.43 0.073333 0.086667
1 0.046667 0.64 0.093333 0.26
1 0.031667 0.95 0.063333 0.086667
1 0.218333 0.681667 0.143333 0.07
1 0.03 0.996667 0.06 0.006667
1 0.438333 0.981667 0.07 0.036667
1 0.79 0.22 0.06 0.073333
