0 0.013333 0.498333 0.026667 0.243333
0 0.351667 0.803333 0.07 0.213333
0 0.31 0.098333 0.1 0.063333
0 0.556667 0.108333 0.093333 0.07
0 0.668333 0.153333 0.063333 0.146667
0 0.581667 0.731667 0.07 0.103333
0 0.586667 0.57 0.066667 0.08
0 0.588333 0.861667 0.056667 0.123333
0 0.595 0.971667 0.056667 0.056667
2 0.44 0.938333 0.086667 0.083333
2 0.476667 0.766667 0.093333 0.073333
2 0.455 0.726667 0.083333 0.06
2 0.47 0.646667 0.066667 0.046667
2 0.453333 0.57 0.073333 0.053333
2 0.463333 0.44 0.126667 0.08
2 0.441667 0.371667 0.11 0.063333
2 0.476667 0.278333 0.113333 0.076667
2 0.415 0.14 0.056667 0.06
