0 0.92 0.991667 0.16 0.016667
0 0.046667 0.961667 0.093333 0.076667
0 0.021667 0.62 0.043333 0.113333
0 0.241667 0.566667 0.123333 0.073333
0 0.37 0.598333 0.073333 0.13
0 0.643333 0.5 0.24 0.273333
0 0.991667 0.446667 0.016667 0.1
0 0.928333 0.566667 0.116667 0.153333
0 0.926667 0.42 0.046667 0.14
0 0.156667 0.186667 0.086667 0.073333
0 0.011667 0.24 0.023333 0.053333
2 0.191667 0.805 0.143333 0.196667
2 0.421667 0.725 0.096667 0.09
2 0.156667 0.63 0.073333 0.086667
2 0.808333 0.705 0.103333 0.076667
2 0.786667 0.848333 0.106667 0.103333
2 0.01 0.42 0.02 0.073333
