0 0.088333 0.841667 0.176667 0.316667
0 0.933333 0.043333 0.133333 0.086667
0 0.608333 0.058333 0.09 0.116667
0 0.423333 0.02 0.146667 0.04
0 0.456667 0.441667 0.16 0.096667
0 0.413333 0.783333 0.133333 0.166667
0 0.12 0.105 0.1 0.103333
1 0.231667 0.333333 0.183333 0.166667
1 0.23 0.19 0.06 0.086667
1 0.293333 0.221667 0.073333 0.09
1 0.493333 0.271667 0.08 0.07
1 0.63 0.293333 0.14 0.146667
1 0.831667 0.15 0.063333 0.086667
1 0.826667 0.245 0.066667 0.103333
1 0.775 0.68 0.083333 0.18
1 0.156667 0.595 0.126667 0.136667
1 0.265 0.661667 0.056667 0.096667
1 0.626667 0.818333 0.1 0.19
