0 0.095 0.686667 0.19 0.626667
0 0.431667 0.813333 0.223333 0.373333
0 0.231667 0.56 0.096667 0.06
0 0.251667 0.11 0.35 0.22
0 0.751667 0.403333 0.07 0.213333
0 0.973333 0.331667 0.053333 0.103333
0 0.976667 0.17 0.046667 0.08
0 0.98 0.461667 0.04 0.123333
0 0.983333 0.601667 0.033333 0.116667
0 0.968333 0.726667 0.063333 0.113333
2 0.771667 0.91 0.09 0.073333
2 0.81 0.78 0.086667 0.086667
2 0.84 0.538333 0.086667 0.083333
2 0.876667 0.366667 0.093333 0.073333
2 0.855 0.326667 0.083333 0.06
2 0.87 0.246667 0.066667 0.046667
2 0.853333 0.17 0.073333 0.053333
2 0.863333 0.04 0.126667 0.08
