0 0.776667 0.985 0.126667 0.03
0 0.561667 0.973333 0.19 0.053333
0 0.208333 0.975 0.09 0.05
0 0.048333 0.955 0.096667 0.09
0 0.171667 0.253333 0.236667 0.093333
0 0.236667 0.108333 0.16 0.143333
0 0.68 0.056667 0.186667 0.113333
0 0.673333 0.19 0.113333 0.066667
0 0.62 0.458333 0.133333 0.09
0 0.228333 0.585 0.09 0.096667
0 0.046667 0.701667 0.066667 0.11
0 0.511667 0.666667 0.056667 0.06
0 0.656667 0.648333 0.106667 0.083333
0 0.951667 0.666667 0.096667 0.173333
0 0.98 0.163333 0.04 0.073333
2 0.755 0.338333 0.083333 0.11
2 0.953333 0.858333 0.093333 0.123333
2 0.508333 0.14 0.09 0.12
2 0.363333 0.84 0.26 0.26
2 0.618333 0.881667 0.143333 0.07
