0 0.956667 0.851667 0.086667 0.163333
0 0.761667 0.816667 0.19 0.14
0 0.408333 0.833333 0.09 0.166667
0 0.223333 0.775 0.146667 0.13
0 0.371667 0.053333 0.236667 0.093333
0 0.873333 0.011667 0.113333 0.023333
0 0.82 0.258333 0.133333 0.09
0 0.428333 0.385 0.09 0.096667
0 0.246667 0.501667 0.066667 0.11
0 0.711667 0.466667 0.056667 0.06
0 0.856667 0.448333 0.106667 0.083333
2 0.955 0.138333 0.083333 0.11
2 0.063333 0.326667 0.1 0.073333
2 0.07 0.65 0.14 0.206667
2 0.03 0.973333 0.06 0.053333
2 0.093333 0.988333 0.073333 0.023333
2 0.891667 0.983333 0.076667 0.033333
2 0.563333 0.64 0.26 0.26
2 0.631667 0.95 0.063333 0.086667
2 0.818333 0.681667 0.143333 0.07
