0 0.808333 0.833333 0.09 0.166667
0 0.623333 0.775 0.146667 0.13
0 0.32 0.905 0.1 0.103333
0 0.118333 0.91 0.163333 0.16
0 0.115 0.371667 0.176667 0.19
0 0.771667 0.053333 0.236667 0.093333
0 0.828333 0.385 0.09 0.096667
0 0.646667 0.501667 0.066667 0.11
0 0.29 0.44 0.066667 0.12
1 0.463333 0.326667 0.1 0.073333
1 0.208333 0.631667 0.096667 0.096667
1 0.183333 0.738333 0.08 0.09
1 0.013333 0.681667 0.026667 0.243333
1 0.463333 0.65 0.153333 0.206667
1 0.43 0.973333 0.06 0.053333
1 0.493333 0.988333 0.073333 0.023333
1 0.916667 0.64 0.166667 0.26
1 0.996667 0.996667 0.006667 0.006667
