0 0.243333 0.7 0.24 0.273333
0 0.678333 0.646667 0.19 0.1
0 0.528333 0.766667 0.116667 0.153333
0 0.526667 0.62 0.046667 0.14
0 0.891667 0.695 0.09 0.243333
0 0.918333 0.458333 0.103333 0.083333
0 0.926667 0.345 0.066667 0.083333
0 0.915 0.233333 0.076667 0.086667
0 0.916667 0.14 0.126667 0.106667
2 0.035 0.925 0.07 0.09
2 0.408333 0.905 0.103333 0.076667
2 0.798333 0.91 0.083333 0.073333
2 0.993333 0.718333 0.013333 0.07
2 0.991667 0.031667 0.016667 0.063333
2 0.891667 0.015 0.056667 0.03
2 0.88 0.055 0.053333 0.036667
