0 0.113333 0.086667 0.226667 0.173333
0 0.92 0.705 0.1 0.103333
0 0.718333 0.71 0.163333 0.16
0 0.715 0.171667 0.176667 0.19
0 0.386667 0.091667 0.206667 0.143333
0 0.341667 0.705 0.183333 0.196667
0 0.015 0.728333 0.03 0.13
0 0.89 0.24 0.066667 0.12
1 0.808333 0.431667 0.096667 0.096667
1 0.783333 0.538333 0.08 0.09
1 0.526667 0.481667 0.2 0.243333
1 0.01 0.118333 0.02 0.103333
1 0.97 0.925 0.06 0.15
1 0.506667 0.94 0.153333 0.12
1 0.736667 0.973333 0.113333 0.053333
1 0.353333 0.966667 0.126667 0.066667
1 0.116667 0.548333 0.106667 0.11
