0 0.808333 0.433333 0.09 0.166667
0 0.623333 0.375 0.146667 0.13
0 0.656667 0.841667 0.16 0.096667
0 0.32 0.505 0.1 0.103333
0 0.118333 0.51 0.163333 0.16
0 0.115 0.033333 0.176667 0.066667
0 0.828333 0.016667 0.09 0.033333
0 0.646667 0.101667 0.066667 0.11
0 0.29 0.05 0.066667 0.1
1 0.208333 0.231667 0.096667 0.096667
1 0.183333 0.338333 0.08 0.09
1 0.013333 0.281667 0.026667 0.243333
1 0.463333 0.25 0.153333 0.206667
1 0.431667 0.733333 0.183333 0.166667
1 0.43 0.59 0.06 0.086667
1 0.493333 0.621667 0.073333 0.09
1 0.693333 0.671667 0.08 0.07
1 0.83 0.693333 0.14 0.146667
1 0.916667 0.24 0.166667 0.26
1 0.966667 0.995 0.066667 0.01
1 0.356667 0.963333 0.126667 0.073333
1 0.136667 0.801667 0.113333 0.11
