0 0.095 0.58 0.19 0.813333
0 0.431667 0.665 0.223333 0.476667
0 0.231667 0.36 0.096667 0.06
0 0.751667 0.203333 0.07 0.213333
0 0.973333 0.131667 0.053333 0.103333
0 0.976667 0.005 0.046667 0.01
0 0.98 0.261667 0.04 0.123333
0 0.983333 0.401667 0.033333 0.116667
0 0.968333 0.526667 0.063333 0.113333
2 0.686667 0.855 0.113333 0.103333
2 0.771667 0.71 0.09 0.073333
2 0.81 0.58 0.086667 0.086667
2 0.84 0.338333 0.086667 0.083333
2 0.876667 0.166667 0.093333 0.073333
2 0.855 0.126667 0.083333 0.06
2 0.87 0.046667 0.066667 0.046667
