0 0.955 0.945 0.09 0.11
0 0.411667 0.846667 0.163333 0.246667
0 0.02 0.851667 0.04 0.163333
0 0.153333 0.466667 0.1 0.173333
0 0.41 0.42 0.066667 0.113333
0 0.641667 0.366667 0.123333 0.073333
0 0.77 0.398333 0.073333 0.13
0 0.961667 0.3 0.076667 0.273333
0 0.223333 0.053333 0.053333 0.073333
0 0.556667 0.011667 0.086667 0.023333
0 0.388333 0.04 0.07 0.053333
2 0.156667 0.658333 0.1 0.123333
2 0.591667 0.605 0.143333 0.196667
2 0.821667 0.525 0.096667 0.09
2 0.556667 0.43 0.073333 0.086667
2 0.038333 0.981667 0.07 0.036667
2 0.39 0.22 0.06 0.073333
