0 0.013333 0.086667 0.026667 0.173333
0 0.975 0.575 0.05 0.13
0 0.988333 0.996667 0.023333 0.006667
0 0.72 0.705 0.1 0.103333
0 0.518333 0.71 0.163333 0.16
0 0.515 0.171667 0.176667 0.19
0 0.186667 0.091667 0.206667 0.143333
0 0.141667 0.705 0.183333 0.196667
0 0.69 0.24 0.066667 0.12
2 0.863333 0.126667 0.1 0.073333
2 0.608333 0.431667 0.096667 0.096667
2 0.583333 0.538333 0.08 0.09
2 0.326667 0.481667 0.2 0.243333
2 0.863333 0.45 0.153333 0.206667
2 0.831667 0.925 0.183333 0.15
2 0.83 0.79 0.06 0.086667
2 0.893333 0.821667 0.073333 0.09
2 0.306667 0.94 0.153333 0.12
2 0.536667 0.973333 0.113333 0.053333
2 0.153333 0.966667 0.126667 0.066667
