0 0.811667 0.646667 0.163333 0.246667
0 0.376667 0.651667 0.126667 0.163333
0 0.161667 0.616667 0.19 0.14
0 0.22 0.058333 0.133333 0.09
0 0.111667 0.266667 0.056667 0.06
0 0.256667 0.248333 0.106667 0.083333
0 0.553333 0.266667 0.1 0.173333
0 0.81 0.22 0.066667 0.113333
0 0.99 0.166667 0.02 0.073333
2 0.556667 0.458333 0.1 0.123333
2 0.291667 0.818333 0.076667 0.103333
2 0.96 0.405 0.08 0.196667
2 0.956667 0.23 0.073333 0.086667
2 0.046667 0.44 0.093333 0.26
2 0.031667 0.75 0.063333 0.086667
2 0.218333 0.481667 0.143333 0.07
2 0.03 0.845 0.06 0.103333
2 0.438333 0.803333 0.07 0.08
2 0.79 0.028333 0.06 0.056667
