0 0.938333 0.988333 0.123333 0.023333
0 0.785 0.945 0.15 0.11
0 0.211667 0.846667 0.163333 0.246667
0 0.21 0.42 0.066667 0.113333
0 0.441667 0.366667 0.123333 0.073333
0 0.57 0.398333 0.073333 0.13
0 0.843333 0.3 0.24 0.273333
0 0.025 0.053333 0.05 0.073333
0 0.356667 0.011667 0.086667 0.023333
0 0.188333 0.04 0.07 0.053333
2 0.391667 0.605 0.143333 0.196667
2 0.621667 0.525 0.096667 0.09
2 0.356667 0.43 0.073333 0.086667
2 0.978333 0.505 0.043333 0.076667
2 0.966667 0.648333 0.066667 0.103333
2 0.19 0.22 0.06 0.073333
