0 0.081667 0.7 0.163333 0.273333
0 0.478333 0.646667 0.19 0.1
0 0.328333 0.766667 0.116667 0.153333
0 0.326667 0.62 0.046667 0.14
0 0.691667 0.695 0.09 0.243333
0 0.963333 0.611667 0.073333 0.103333
0 0.718333 0.458333 0.103333 0.083333
0 0.726667 0.345 0.066667 0.083333
0 0.715 0.233333 0.076667 0.086667
0 0.716667 0.14 0.126667 0.106667
0 0.951667 0.071667 0.096667 0.136667
0 0.951667 0.188333 0.07 0.096667
0 0.963333 0.305 0.073333 0.11
0 0.961667 0.413333 0.076667 0.106667
1 0.208333 0.905 0.103333 0.076667
1 0.598333 0.91 0.083333 0.073333
1 0.818333 0.718333 0.063333 0.07
1 0.895 0.726667 0.056667 0.1
1 0.826667 0.381667 0.046667 0.063333
1 0.876667 0.395 0.046667 0.05
1 0.878333 0.331667 0.043333 0.05
1 0.82 0.26 0.046667 0.06
1 0.875 0.223333 0.05 0.066667
1 0.833333 0.031667 0.1 0.063333
1 0.691667 0.015 0.056667 0.03
1 0.68 0.055 0.053333 0.036667
1 0.99 0.955 0.02 0.09
