0 0.808333 0.633333 0.09 0.166667
0 0.623333 0.575 0.146667 0.13
0 0.32 0.705 0.1 0.103333
0 0.118333 0.71 0.163333 0.16
0 0.115 0.171667 0.176667 0.19
0 0.828333 0.185 0.09 0.096667
0 0.646667 0.301667 0.066667 0.11
0 0.29 0.24 0.066667 0.12
1 0.463333 0.126667 0.1 0.073333
1 0.208333 0.431667 0.096667 0.096667
1 0.183333 0.538333 0.08 0.09
1 0.013333 0.481667 0.026667 0.243333
1 0.463333 0.45 0.153333 0.206667
1 0.431667 0.925 0.183333 0.15
1 0.43 0.79 0.06 0.086667
1 0.493333 0.821667 0.073333 0.09
1 0.693333 0.871667 0.08 0.07
1 0.83 0.893333 0.14 0.146667
1 0.916667 0.44 0.166667 0.26
1 0.136667 0.973333 0.113333 0.053333
