0 0.611667 0.646667 0.163333 0.246667
0 0.176667 0.651667 0.126667 0.163333
0 0.028333 0.616667 0.056667 0.14
0 0.043333 0.058333 0.086667 0.09
0 0.056667 0.248333 0.106667 0.083333
0 0.353333 0.266667 0.1 0.173333
0 0.61 0.22 0.066667 0.113333
0 0.841667 0.166667 0.123333 0.073333
0 0.966667 0.198333 0.066667 0.13
1 0.356667 0.458333 0.1 0.123333
1 0.091667 0.818333 0.076667 0.103333
1 0.791667 0.405 0.143333 0.196667
1 0.986667 0.325 0.026667 0.09
1 0.756667 0.23 0.073333 0.086667
1 0.045 0.481667 0.09 0.07
1 0.238333 0.803333 0.07 0.08
1 0.841667 0.953333 0.083333 0.093333
1 0.59 0.028333 0.06 0.056667
