0 0.113333 0.698333 0.226667 0.243333
0 0.126667 0.478333 0.173333 0.19
0 0.551667 0.948333 0.07 0.103333
0 0.128333 0.021667 0.116667 0.043333
0 0.51 0.298333 0.1 0.063333
0 0.491667 0.008333 0.09 0.016667
0 0.756667 0.308333 0.093333 0.07
0 0.868333 0.353333 0.063333 0.146667
0 0.846667 0.036667 0.086667 0.073333
0 0.781667 0.931667 0.07 0.103333
0 0.786667 0.77 0.066667 0.08
1 0.03 0.105 0.06 0.076667
1 0.398333 0.11 0.083333 0.073333
1 0.676667 0.965 0.093333 0.07
1 0.655 0.926667 0.083333 0.06
1 0.67 0.846667 0.066667 0.046667
1 0.653333 0.77 0.073333 0.053333
1 0.663333 0.64 0.126667 0.08
1 0.641667 0.571667 0.11 0.063333
1 0.676667 0.478333 0.113333 0.076667
1 0.615 0.34 0.056667 0.06
1 0.835 0.16 0.11 0.1
1 0.02 0.248333 0.04 0.103333
