0 0.188333 0.841667 0.376667 0.316667
0 0.808333 0.058333 0.09 0.116667
0 0.623333 0.02 0.146667 0.04
0 0.656667 0.441667 0.16 0.096667
0 0.613333 0.783333 0.133333 0.166667
0 0.32 0.105 0.1 0.103333
0 0.118333 0.11 0.163333 0.16
1 0.013333 0.001667 0.026667 0.003333
1 0.431667 0.333333 0.183333 0.166667
1 0.43 0.19 0.06 0.086667
1 0.493333 0.221667 0.073333 0.09
1 0.693333 0.271667 0.08 0.07
1 0.83 0.293333 0.14 0.146667
1 0.966667 0.68 0.066667 0.18
1 0.356667 0.595 0.126667 0.136667
1 0.136667 0.401667 0.113333 0.11
1 0.465 0.661667 0.056667 0.096667
1 0.826667 0.818333 0.1 0.19
