0 0.965 0.961667 0.07 0.076667
0 0.576667 0.985 0.126667 0.03
0 0.361667 0.973333 0.19 0.053333
0 0.026667 0.975 0.053333 0.05
0 0.045 0.253333 0.09 0.093333
0 0.058333 0.108333 0.116667 0.143333
0 0.48 0.056667 0.186667 0.113333
0 0.473333 0.19 0.113333 0.066667
0 0.42 0.458333 0.133333 0.09
0 0.036667 0.585 0.073333 0.096667
0 0.311667 0.666667 0.056667 0.06
0 0.456667 0.648333 0.106667 0.083333
0 0.753333 0.666667 0.1 0.173333
0 0.988333 0.62 0.023333 0.113333
0 0.823333 0.253333 0.053333 0.073333
0 0.976667 0.24 0.046667 0.053333
0 0.8 0.163333 0.08 0.073333
1 0.555 0.338333 0.083333 0.11
1 0.756667 0.858333 0.1 0.123333
1 0.308333 0.14 0.09 0.12
1 0.163333 0.84 0.26 0.26
1 0.418333 0.881667 0.143333 0.07
1 0.98 0.42 0.04 0.073333
