0 0.981667 0.633333 0.036667 0.166667
0 0.823333 0.575 0.146667 0.13
0 0.52 0.705 0.1 0.103333
0 0.318333 0.71 0.163333 0.16
0 0.315 0.171667 0.176667 0.19
0 0.045 0.091667 0.09 0.143333
0 0.991667 0.185 0.016667 0.096667
0 0.846667 0.301667 0.066667 0.11
0 0.016667 0.705 0.033333 0.196667
0 0.49 0.24 0.066667 0.12
2 0.663333 0.126667 0.1 0.073333
2 0.408333 0.431667 0.096667 0.096667
2 0.383333 0.538333 0.08 0.09
2 0.126667 0.481667 0.2 0.243333
2 0.663333 0.45 0.153333 0.206667
2 0.631667 0.925 0.183333 0.15
2 0.63 0.79 0.06 0.086667
2 0.693333 0.821667 0.073333 0.09
2 0.893333 0.871667 0.08 0.07
2 0.98 0.893333 0.04 0.146667
2 0.106667 0.94 0.153333 0.12
2 0.336667 0.973333 0.113333 0.053333
2 0.008333 0.966667 0.016667 0.066667
