0 0.611667 0.961667 0.163333 0.076667
0 0.176667 0.985 0.126667 0.03
0 0.028333 0.973333 0.056667 0.053333
0 0.086667 0.056667 0.173333 0.113333
0 0.073333 0.19 0.113333 0.066667
0 0.043333 0.458333 0.086667 0.09
0 0.056667 0.648333 0.106667 0.083333
0 0.353333 0.666667 0.1 0.173333
0 0.61 0.62 0.066667 0.113333
0 0.841667 0.566667 0.123333 0.073333
0 0.966667 0.598333 0.066667 0.13
0 0.423333 0.253333 0.053333 0.073333
0 0.756667 0.186667 0.086667 0.073333
0 0.588333 0.24 0.07 0.053333
0 0.4 0.163333 0.08 0.073333
1 0.155 0.338333 0.083333 0.11
1 0.356667 0.858333 0.1 0.123333
1 0.791667 0.805 0.143333 0.196667
1 0.986667 0.725 0.026667 0.09
1 0.756667 0.63 0.073333 0.086667
1 0.045 0.881667 0.09 0.07
1 0.59 0.42 0.06 0.073333
