0 0.288333 0.841667 0.576667 0.316667
0 0.981667 0.058333 0.036667 0.116667
0 0.823333 0.02 0.146667 0.04
0 0.856667 0.441667 0.16 0.096667
0 0.813333 0.783333 0.133333 0.166667
0 0.52 0.105 0.1 0.103333
0 0.318333 0.11 0.163333 0.16
0 0.016667 0.105 0.033333 0.196667
2 0.631667 0.333333 0.183333 0.166667
2 0.63 0.19 0.06 0.086667
2 0.693333 0.221667 0.073333 0.09
2 0.893333 0.271667 0.08 0.07
2 0.98 0.293333 0.04 0.146667
2 0.556667 0.595 0.126667 0.136667
2 0.106667 0.343333 0.153333 0.126667
2 0.336667 0.401667 0.113333 0.11
2 0.008333 0.406667 0.016667 0.146667
2 0.665 0.661667 0.056667 0.096667
2 0.988333 0.818333 0.023333 0.19
