0 0.013333 0.888333 0.026667 0.223333
0 0.086667 0.048333 0.173333 0.096667
0 0.31 0.498333 0.1 0.063333
0 0.291667 0.108333 0.09 0.216667
0 0.556667 0.508333 0.093333 0.07
0 0.668333 0.553333 0.063333 0.146667
0 0.646667 0.206667 0.086667 0.133333
0 0.581667 0.031667 0.11 0.063333
0 0.586667 0.965 0.066667 0.07
2 0.198333 0.31 0.083333 0.073333
2 0.418333 0.118333 0.063333 0.07
2 0.495 0.126667 0.056667 0.1
2 0.453333 0.97 0.073333 0.053333
2 0.463333 0.84 0.126667 0.08
2 0.441667 0.771667 0.11 0.063333
2 0.476667 0.678333 0.113333 0.076667
2 0.415 0.54 0.056667 0.06
2 0.635 0.36 0.11 0.1
