0 0.938333 0.698333 0.123333 0.243333
0 0.785 0.546667 0.15 0.113333
0 0.211667 0.446667 0.163333 0.246667
0 0.21 0.038333 0.066667 0.076667
0 0.57 0.031667 0.073333 0.063333
0 0.843333 0.018333 0.24 0.036667
2 0.33 0.9 0.193333 0.173333
2 0.12 0.858333 0.093333 0.116667
2 0.391667 0.205 0.143333 0.196667
2 0.621667 0.125 0.096667 0.09
2 0.356667 0.036667 0.073333 0.073333
2 0.978333 0.105 0.043333 0.076667
2 0.015 0.9 0.03 0.086667
2 0.966667 0.248333 0.066667 0.103333
2 0.441667 0.761667 0.083333 0.11
