0 0.965 0.246667 0.07 0.246667
0 0.523333 0.82 0.28 0.18
0 0.576667 0.251667 0.126667 0.163333
0 0.361667 0.216667 0.19 0.14
0 0.026667 0.233333 0.053333 0.166667
1 0.05 0.493333 0.1 0.146667
1 0.92 0.658333 0.093333 0.116667
1 0.756667 0.06 0.1 0.12
1 0.491667 0.418333 0.076667 0.103333
1 0.163333 0.085 0.26 0.17
1 0.231667 0.35 0.063333 0.086667
1 0.418333 0.081667 0.143333 0.07
1 0.226667 0.445 0.066667 0.103333
1 0.638333 0.403333 0.07 0.08
1 0.175 0.88 0.083333 0.18
1 0.778333 0.7 0.103333 0.086667
1 0.038333 0.961667 0.076667 0.076667
