     0/299     7.42G   0.07008   0.04374   0.03261    0.1464        66       640   0.00853  0.006599  0.001046 0.0001935   0.09587    0.1246    0.0312
     1/299     7.46G   0.06795   0.04331   0.02931    0.1406        81       640   0.01357  0.006853  0.001509 0.0002709   0.09654    0.1245   0.02851
     2/299     7.47G   0.06697   0.04615   0.02654    0.1397        65       640  0.009643  0.008837   0.00223 0.0003317   0.09472    0.1275   0.02632
     3/299     7.47G   0.06659    0.0465   0.02474    0.1378        36       640  0.009908   0.01214  0.002291 0.0003241   0.09671    0.1214   0.02627
     4/299     7.47G   0.06624   0.04344   0.02323    0.1329        48       640  0.005984   0.07415  0.002877 0.0008628   0.09811    0.1208   0.03431
     5/299     7.47G   0.06348   0.04453   0.02141    0.1294         7       640    0.2282   0.02068  0.004664 0.0009056   0.09412    0.1206   0.02311
     6/299     7.47G    0.0608   0.04399   0.01907    0.1239        18       640     0.273   0.05184   0.03059  0.007484   0.09101    0.1244   0.02086
     7/299     7.47G   0.06006   0.04592    0.0178    0.1238       100       640   0.06963    0.1067   0.03933  0.009298   0.08723    0.1282   0.02053
     8/299     7.47G   0.05878   0.04524   0.01627    0.1203        46       640   0.09303    0.1227   0.06318   0.01951   0.08246     0.129   0.01929
     9/299     7.47G   0.05741   0.04514   0.01493    0.1175        14       640    0.3194    0.1541   0.08999   0.02443   0.08531    0.1247   0.01749
    10/299     7.47G   0.05635   0.04603   0.01389    0.1163        36       640     0.389    0.1792    0.1338    0.0334   0.08257    0.1229   0.01847
    11/299     7.47G   0.05607   0.04405   0.01248    0.1126        57       640    0.3962    0.2019    0.1447   0.03166   0.08271    0.1258   0.01589
    12/299     7.47G   0.05505   0.04281   0.01093    0.1088        54       640    0.1364    0.2112    0.1061    0.0312   0.08046    0.1522   0.01795
    13/299     7.47G   0.05488   0.04232  0.009628    0.1068        35       640    0.7065     0.249    0.2241   0.05289   0.07939    0.1272   0.01279
    14/299     7.47G   0.05419   0.04177  0.008673    0.1046         8       640    0.7117    0.2844    0.2524    0.0557   0.08075    0.1233   0.01196
    15/299     7.47G   0.05279   0.04112  0.008133     0.102        52       640    0.7445    0.2966    0.2811   0.06483   0.07834    0.1201   0.01133
    16/299     7.47G   0.05146   0.03874  0.007057   0.09726        26       640    0.7301    0.3622    0.3534   0.09508   0.07666    0.1222   0.01068
    17/299     7.47G   0.05149   0.03857  0.006939     0.097        19       640    0.7216    0.4168    0.3955    0.1146   0.07429    0.1174   0.01003
    18/299     7.47G   0.05088   0.03818   0.00678   0.09585        46       640     0.717    0.3798    0.4023    0.1322   0.07563    0.1147   0.01143
    19/299     7.47G   0.04974   0.03671    0.0063   0.09275        61       640    0.6595    0.4078    0.3898    0.1019   0.07475    0.1165  0.009615
    20/299     7.47G   0.04911   0.03611  0.005766   0.09099        64       640    0.6838    0.4179    0.4205    0.1194   0.07564    0.1161  0.009118
    21/299     7.47G   0.04872   0.03451  0.005176    0.0884        94       640    0.7436    0.4127    0.4101    0.1017   0.07691    0.1199  0.009303
    22/299     7.47G   0.04825   0.03498  0.005186   0.08842        28       640    0.6726    0.3705    0.3691   0.08927   0.07846    0.1199   0.00925
    23/299     7.47G   0.04698   0.03367   0.00472   0.08537        35       640    0.6521    0.4381    0.3863    0.1019   0.07686    0.1138  0.009087
    24/299     7.47G   0.04761   0.03592   0.00509   0.08862        31       640    0.7329    0.4594    0.4509    0.1327   0.07442    0.1134  0.009134
    25/299     7.47G   0.04669   0.03386  0.004811   0.08536        23       640    0.6434    0.3543    0.3118   0.06947   0.07933    0.1207  0.008576
    26/299     7.47G    0.0463   0.03373  0.004386   0.08442        36       640    0.7871    0.4549    0.4667    0.1301   0.07562     0.111  0.008042
    27/299     7.47G   0.04571   0.03354  0.004297   0.08355        29       640     0.749    0.4088    0.4038    0.1076   0.07632    0.1163  0.007874
    28/299     7.47G   0.04542   0.03283  0.004143   0.08239         7       640     0.608    0.3678    0.3624   0.08914   0.07777    0.1172  0.007895
    29/299     7.47G   0.04506   0.03243  0.003852   0.08134        82       640     0.774    0.4751       0.5     0.145   0.07358    0.1186  0.007824
    30/299     7.47G   0.04444   0.03169  0.003661   0.07979        79       640    0.7509    0.4325    0.4709    0.1258   0.07443    0.1152   0.00793
    31/299     7.47G   0.04478   0.03216  0.003752   0.08069        71       640    0.8075    0.4988    0.5143     0.147   0.07329    0.1195  0.007125
    32/299     7.47G   0.04448   0.03217  0.003816   0.08047        33       640    0.7655    0.4728    0.4593    0.1108   0.07557    0.1173  0.006899
    33/299     7.47G   0.04353   0.03096   0.00356   0.07804        50       640    0.7598    0.4596     0.443    0.1072   0.07712     0.118  0.006778
    34/299     7.47G   0.04368   0.03192  0.003596    0.0792        31       640    0.7145    0.4514    0.4944    0.1264   0.07476    0.1164  0.007132
    35/299     7.47G   0.04304   0.03078  0.003323   0.07714        68       640    0.8251    0.5158    0.5679    0.1883    0.0729    0.1104  0.007034
    36/299     7.47G   0.04328   0.03016  0.003377   0.07681        15       640    0.7239      0.44    0.5122    0.1149   0.07723    0.1192  0.007113
    37/299     7.47G   0.04293   0.03078  0.003112   0.07683        12       640     0.665     0.561    0.6259    0.1748   0.07325    0.1172  0.006909
    38/299     7.47G   0.04273   0.03026   0.00315   0.07614        80       640    0.6755    0.5461    0.5745    0.1472   0.07556    0.1137  0.006412
    39/299     7.47G   0.04282   0.03053  0.003157   0.07651        38       640    0.6293    0.5599    0.5309    0.1511   0.07279    0.1185  0.006525
    40/299     7.47G   0.04268   0.03147   0.00304   0.07719         5       640    0.6846    0.5442    0.5744    0.1505   0.07362     0.111  0.006707
    41/299     7.47G   0.04196    0.0299  0.002827   0.07469        16       640    0.7467    0.6406    0.7083     0.228   0.07007    0.1102  0.006248
    42/299     7.47G   0.04199   0.03017  0.002907   0.07507        21       640    0.6551    0.5603     0.572    0.1554   0.07305    0.1128  0.006578
    43/299     7.47G   0.04184   0.02983  0.002937   0.07461        26       640      0.65    0.6441    0.6031    0.1629   0.07412    0.1152  0.006444
    44/299     7.47G   0.04202   0.02953  0.002822   0.07437        24       640    0.6036    0.5138    0.5052    0.1293   0.07422    0.1124  0.006261
    45/299     7.47G   0.04146   0.02986  0.002871    0.0742        70       640    0.6453    0.6249      0.65     0.189   0.07332    0.1132  0.006498
    46/299     7.47G   0.04106   0.02949  0.002844   0.07339        40       640    0.6941     0.615     0.599    0.1429   0.07396     0.114  0.006306
    47/299     7.47G   0.04119   0.02957  0.002659   0.07341        22       640    0.8019    0.6727    0.7276    0.2082   0.07173    0.1164  0.006347
    48/299     7.47G   0.04068   0.02902  0.002539   0.07223        39       640    0.7379    0.6543    0.6687    0.2482   0.06807    0.1196  0.006559
    49/299     7.47G   0.04055   0.02949  0.002691   0.07273        70       640    0.6237    0.5871    0.6119     0.193   0.07054    0.1144  0.005889
    50/299     7.47G   0.03976    0.0293  0.002602   0.07166        24       640    0.6238    0.6086    0.6052    0.2078   0.06907    0.1218  0.006227
    51/299     7.47G   0.03994   0.02968  0.002519   0.07214        26       640    0.7307    0.5583    0.6268     0.217   0.06887    0.1134  0.005844
    52/299     7.47G    0.0395   0.02914  0.002531   0.07117       153       640    0.7471    0.7097    0.7524    0.2888   0.06703    0.1135  0.005672
    53/299     7.47G   0.03966   0.02922  0.002574   0.07145        16       640    0.7757    0.7611    0.7811    0.2612   0.06903    0.1167  0.006315
    54/299     7.47G   0.03864   0.02872  0.002242    0.0696        33       640    0.7926    0.7486    0.7894    0.2868    0.0666    0.1183  0.005743
    55/299     7.47G   0.03869   0.02844  0.002344   0.06947        36       640    0.7698    0.7311    0.7632    0.2673    0.0658    0.1168  0.005957
    56/299     7.47G    0.0387   0.02827  0.002487   0.06945        32       640    0.8009    0.7218    0.7649    0.2944   0.06724    0.1078  0.006096
    57/299     7.47G   0.03813    0.0284  0.002387   0.06892        40       640    0.8097     0.683    0.7352    0.2752    0.0672    0.1157  0.006014
    58/299     7.47G   0.03872   0.02901  0.002298   0.07004        39       640    0.8271    0.7306     0.778    0.3227   0.06732    0.1103  0.006266
    59/299     7.47G   0.03775   0.02829  0.002356    0.0684        47       640     0.845    0.8055    0.8656    0.3388   0.06644    0.1159  0.006215
    60/299     7.47G   0.03734   0.02781  0.002176   0.06732        15       640    0.6722    0.6363    0.6988    0.3081   0.06698    0.1152  0.006154
    61/299     7.47G   0.03787   0.02834  0.002418   0.06864        18       640    0.7599    0.6583    0.6741    0.2988   0.06639    0.1145  0.006055
    62/299     7.47G   0.03761   0.02821  0.002421   0.06824         3       640    0.7242     0.627    0.6924    0.3101   0.06584    0.1134  0.005862
    63/299     7.47G   0.03749   0.02783  0.002187   0.06751        14       640    0.6818    0.5788    0.7365    0.3307   0.06667    0.1083  0.005969
    64/299     7.47G   0.03757    0.0279  0.002412   0.06789        10       640    0.8193    0.6827    0.7736    0.3128   0.06638    0.1111  0.006245
    65/299     7.47G   0.03692   0.02708  0.002196    0.0662        31       640    0.8694    0.7288    0.8142     0.349   0.06603    0.1089  0.005803
    66/299     7.47G   0.03661   0.02738  0.002137   0.06613        30       640    0.8376    0.6933     0.762    0.3345   0.06528    0.1146  0.005972
    67/299     7.47G   0.03716   0.02802  0.002203   0.06739        11       640    0.8124    0.7319    0.7953    0.3343   0.06548     0.115  0.005948
    68/299     7.47G   0.03684   0.02759  0.002239   0.06666        57       640    0.8013    0.7376     0.792    0.3326   0.06549    0.1166  0.005894
    69/299     7.47G    0.0362   0.02713  0.001963   0.06529        28       640    0.7527    0.7489    0.7776    0.3166   0.06578    0.1169  0.005595
    70/299     7.47G   0.03667   0.02766   0.00206   0.06639        67       640    0.7717    0.7324    0.7739    0.3334   0.06474    0.1125  0.005623
    71/299     7.47G   0.03614   0.02687  0.002114   0.06513        18       640     0.885    0.7767    0.8673    0.3951   0.06545    0.1122  0.005688
    72/299     7.47G   0.03672   0.02772  0.002258    0.0667        66       640    0.8243    0.7484    0.7961    0.3503   0.06379    0.1141  0.005522
    73/299     7.47G   0.03635   0.02768  0.002093   0.06613        14       640    0.8123    0.7601    0.8105    0.3474   0.06598    0.1107  0.005727
    74/299     7.47G   0.03615   0.02774   0.00212     0.066        64       640    0.8421    0.7537    0.8259    0.3704   0.06678     0.118  0.006047
    75/299     7.47G   0.03631   0.02799  0.002103   0.06641        20       640    0.7561    0.6895    0.7033    0.3294   0.06406    0.1188  0.005689
    76/299     7.47G   0.03524   0.02726   0.00193   0.06443        21       640    0.7765    0.7145    0.7196     0.306   0.06564     0.116  0.005851
    77/299     7.47G   0.03544   0.02802  0.002028   0.06548        54       640    0.7994    0.7763    0.8012    0.3522   0.06568     0.118  0.006033
    78/299     7.47G   0.03535   0.02738  0.002111   0.06484        22       640    0.7932    0.7656    0.7857    0.3329    0.0657    0.1179  0.005654
    79/299     7.47G   0.03545   0.02645  0.002058   0.06395        18       640    0.7642    0.7676    0.7776    0.3357   0.06491    0.1191  0.005749
    80/299     7.47G   0.03544   0.02712  0.001912   0.06448        38       640    0.8724    0.7801    0.8784    0.4074   0.06434    0.1132  0.005377
    81/299     7.47G   0.03523   0.02757   0.00191   0.06471        53       640     0.867    0.7691    0.8508    0.3764   0.06351    0.1169  0.005197
    82/299     7.47G   0.03512   0.02661  0.001966    0.0637        26       640    0.8356     0.759    0.8244    0.3764   0.06423    0.1203    0.0054
    83/299     7.47G   0.03516   0.02696  0.001966   0.06409        36       640    0.7221     0.741    0.7482    0.3437   0.06376     0.116  0.005275
    84/299     7.47G   0.03516   0.02701  0.001905   0.06408        63       640    0.8367    0.7513    0.7957    0.3568   0.06397     0.115  0.005547
    85/299     7.48G   0.03455   0.02665  0.001811   0.06302        76       640    0.6975    0.7505    0.7587    0.3713   0.06356    0.1149  0.005681
    86/299     7.48G   0.03423   0.02594   0.00189   0.06207        30       640    0.8016    0.8306    0.8384     0.371   0.06305    0.1177  0.005277
    87/299     7.48G   0.03422   0.02658  0.001893   0.06268        37       640    0.8375    0.7173    0.8047    0.3763   0.06335    0.1158  0.005382
    88/299     7.48G   0.03426   0.02608  0.001769   0.06211        10       640    0.8251    0.7472    0.8323    0.3737   0.06214    0.1179  0.005411
    89/299     7.48G   0.03416   0.02645  0.001891    0.0625        38       640    0.7357    0.6743    0.7264    0.3602   0.06291    0.1192  0.005368
    90/299     7.48G   0.03382   0.02592  0.001661   0.06139        39       640    0.8226    0.7787    0.8322    0.3758   0.06351    0.1144  0.005084
    91/299     7.48G   0.03396   0.02653  0.001779   0.06226        17       640    0.8531    0.8002    0.8496     0.387   0.06349    0.1126  0.005188
    92/299     7.48G    0.0336   0.02614  0.001861   0.06161        51       640    0.8011    0.8161    0.8421    0.3795   0.06423    0.1173   0.00531
    93/299     7.48G   0.03447   0.02696  0.001881   0.06331       110       640    0.8585    0.8182     0.864    0.4113   0.06262    0.1212   0.00547
    94/299     7.48G   0.03394   0.02661  0.001844    0.0624        42       640    0.8582    0.8374    0.8896     0.437   0.06262    0.1158  0.005358
    95/299     7.48G   0.03353   0.02666   0.00184   0.06203        13       640    0.9011    0.7853    0.8785    0.4074   0.06296    0.1165  0.005455
    96/299     7.48G   0.03313   0.02518  0.001844   0.06015       108       640    0.8891    0.8016    0.8864    0.4092   0.06141    0.1221  0.005344
    97/299     7.48G   0.03318   0.02641    0.0018   0.06139        35       640    0.8356    0.6811    0.7709    0.3752   0.06111    0.1185  0.005337
    98/299     7.48G   0.03344    0.0263  0.001779   0.06152        46       640    0.8418    0.8012    0.8654    0.3806   0.06187    0.1205  0.005255
    99/299     7.48G   0.03317   0.02504  0.001701   0.05991        43       640    0.8537    0.8191    0.8762    0.4138   0.06314    0.1198  0.005428
   100/299     7.48G   0.03399    0.0265   0.00183   0.06232        72       640    0.8795    0.7623    0.8286    0.3901   0.06189    0.1182  0.005343
   101/299     7.48G   0.03306   0.02579   0.00168   0.06053        50       640     0.868     0.864    0.8966    0.4047   0.06325    0.1187  0.005416
   102/299     7.48G   0.03351   0.02608  0.001868   0.06146        55       640    0.9083    0.7993    0.8802    0.4002   0.06115     0.122  0.005192
   103/299     7.48G   0.03272   0.02505  0.001585   0.05936        32       640    0.7725    0.7142    0.7617     0.378   0.06099    0.1217  0.005158
   104/299     7.48G   0.03233    0.0256  0.001459   0.05939        58       640    0.9002    0.8075    0.8863    0.4078      0.06    0.1196  0.005191
   105/299     7.48G   0.03304   0.02452  0.001673   0.05924         6       640    0.8391     0.847    0.8759    0.4313   0.06183    0.1181  0.005243
   106/299     7.48G   0.03277   0.02529  0.001675   0.05973        18       640    0.8733    0.8644    0.8876    0.4146   0.06169    0.1227   0.00504
   107/299     7.48G   0.03279   0.02576  0.001688   0.06024        45       640    0.8622    0.8284    0.8824    0.4196   0.06055    0.1241  0.005383
   108/299     7.48G   0.03281   0.02626  0.001709   0.06077        33       640    0.8401    0.8735    0.8798       0.4   0.06181    0.1181  0.005385
   109/299     7.48G    0.0326   0.02608  0.001685   0.06037        55       640    0.8549    0.8382    0.8951    0.4199    0.0605    0.1219  0.005306
   110/299     7.48G   0.03213   0.02484   0.00157   0.05854        56       640    0.8531    0.8056    0.8702    0.4155   0.06275    0.1192  0.005587
   111/299     7.48G   0.03211    0.0252  0.001519   0.05883        18       640     0.812    0.8495    0.8545    0.3866   0.06201    0.1258  0.005462
   112/299     7.48G   0.03188   0.02447  0.001534   0.05789        55       640      0.84    0.8396    0.8817    0.4205   0.06238    0.1142  0.005637
   113/299     7.48G   0.03267   0.02484  0.001663   0.05917        33       640    0.8535    0.8551     0.886    0.4305   0.06139    0.1169  0.005502
   114/299     7.48G   0.03262   0.02538  0.001709   0.05972         5       640    0.8703    0.8211    0.8828    0.3993   0.06085    0.1181  0.005095
   115/299     7.48G   0.03224   0.02514  0.001563   0.05894        30       640    0.9105    0.8053    0.8944    0.4233   0.06082    0.1181  0.005286
   116/299     7.48G   0.03192   0.02521  0.001535   0.05867        29       640    0.9046    0.7895    0.8708    0.4064   0.06183    0.1173  0.005291
   117/299     7.48G    0.0323    0.0248  0.001622   0.05872        64       640    0.9059    0.8784    0.9089     0.446   0.06032    0.1196  0.005328
   118/299     7.48G   0.03184   0.02408  0.001539   0.05746        49       640    0.8967    0.8519    0.9003    0.4411   0.06177    0.1171  0.005568
   119/299     7.48G   0.03222   0.02484   0.00162   0.05867        26       640    0.8758    0.8182    0.8843    0.4093   0.06101    0.1214  0.005197
   120/299     7.48G   0.03208   0.02502  0.001685   0.05879         9       640    0.8671    0.8809    0.8941    0.4546   0.06051     0.125  0.005425
   121/299     7.48G   0.03164   0.02518  0.001632   0.05845        45       640    0.9076     0.872    0.9141    0.4621    0.0598    0.1201  0.005132
   122/299     7.48G    0.0319   0.02498   0.00172    0.0586        23       640    0.8102    0.7711    0.7967    0.3977   0.06067    0.1207  0.005429
   123/299     7.48G   0.03144   0.02492  0.001446   0.05781        76       640    0.8566     0.867    0.9068    0.4431   0.05977    0.1262  0.005033
   124/299     7.48G   0.03201   0.02444  0.001598   0.05805        16       640    0.9175    0.8166    0.9101    0.4455   0.05987    0.1249  0.005069
   125/299     7.48G   0.03137   0.02416  0.001621   0.05716        43       640    0.8825    0.8731    0.9121      0.47   0.05867    0.1233   0.00527
   126/299     7.48G   0.03105   0.02424  0.001452   0.05674        53       640    0.9008    0.8344    0.9089     0.455   0.05886    0.1263  0.005122
   127/299     7.48G   0.03161   0.02469  0.001473   0.05777        51       640    0.8814    0.8664    0.9028    0.4535   0.05882    0.1264  0.004895
   128/299     7.48G   0.03127   0.02411  0.001532   0.05691        13       640    0.8657    0.8618    0.9148    0.4544   0.05877    0.1228  0.005185
   129/299     7.48G   0.03151   0.02527  0.001662   0.05843        65       640    0.8931    0.8303     0.901    0.4653   0.05927    0.1228  0.004816
   130/299     7.48G    0.0314   0.02438  0.001579   0.05736        16       640    0.8808    0.8742    0.9131    0.4486   0.05971    0.1232  0.004869
   131/299     7.48G   0.03126   0.02508   0.00152   0.05786        18       640    0.8956     0.843    0.8981    0.4711   0.05911    0.1222  0.004901
   132/299     7.48G   0.03113   0.02455  0.001381   0.05706        10       640     0.843    0.9006     0.907    0.4687   0.06018    0.1231  0.005323
   133/299     7.48G   0.03101   0.02476   0.00155   0.05732        61       640    0.8901    0.8105    0.8723    0.4495   0.05945    0.1283  0.005191
   134/299     7.48G   0.03102   0.02406  0.001556   0.05664        19       640    0.9004    0.8476    0.8976    0.4639   0.05884     0.124  0.005048
   135/299     7.48G   0.03061   0.02439   0.00136   0.05636        57       640    0.8962    0.8761    0.9158    0.4736   0.05815    0.1239  0.005132
   136/299     7.48G   0.03076   0.02452  0.001552   0.05683        26       640    0.8509    0.8891    0.8955    0.4759   0.05945    0.1242  0.005113
   137/299     7.48G   0.03108   0.02367  0.001525   0.05628        95       640    0.8941    0.9054    0.9345    0.4612   0.05848    0.1312   0.00507
   138/299     7.48G   0.03018   0.02351   0.00141    0.0551         7       640    0.8998    0.8964    0.9348    0.4753    0.0594    0.1216   0.00496
   139/299     7.48G   0.03062   0.02442  0.001475   0.05651        71       640    0.9073    0.8874    0.9242     0.475   0.05971    0.1206  0.005191
   140/299     7.48G   0.03031   0.02406  0.001485   0.05585        97       640    0.8835    0.8965    0.9091    0.4755   0.05892    0.1196  0.005367
   141/299     7.48G   0.03058   0.02451  0.001489   0.05658        81       640     0.903    0.8897    0.9178    0.4916   0.05883    0.1253  0.005273
   142/299     7.48G   0.03038    0.0239  0.001343   0.05562        22       640    0.8786    0.9173    0.9182    0.4854   0.05939    0.1251  0.005369
   143/299     7.48G   0.03014   0.02352  0.001412   0.05507        29       640    0.8832    0.8966    0.9238    0.5065   0.05884    0.1254  0.005257
   144/299     7.48G   0.03061    0.0245  0.001508   0.05662        12       640    0.8779     0.879    0.9253    0.4752    0.0589    0.1247  0.005456
   145/299     7.48G   0.03024    0.0241  0.001435   0.05577        62       640     0.848     0.918    0.9171     0.487   0.05823    0.1266  0.005386
   146/299     7.48G    0.0299   0.02408  0.001424   0.05541        43       640    0.8599    0.9261    0.9306    0.4726   0.05925    0.1226  0.005187
   147/299     7.48G   0.03058   0.02374   0.00141   0.05573        50       640    0.8626    0.9143    0.9216      0.48   0.05826    0.1241  0.004921
   148/299     7.48G   0.03007   0.02476  0.001389   0.05622        45       640     0.856    0.8555    0.8897    0.4775   0.06023    0.1236  0.005416
   149/299     7.48G   0.03005   0.02399   0.00149   0.05553        56       640    0.8691     0.845    0.8871    0.4679   0.05878    0.1274  0.005184
   150/299     7.48G   0.03039    0.0246  0.001595   0.05659        49       640    0.9068     0.831    0.9069     0.478   0.05863    0.1272  0.005396
   151/299     7.48G   0.03006    0.0245  0.001433     0.056        46       640    0.8307    0.8858    0.9016     0.471   0.05999    0.1243  0.005601
   152/299     7.48G   0.02992   0.02369  0.001487    0.0551        10       640    0.8651    0.9143    0.9291    0.4708   0.05802    0.1253  0.005231
   153/299     7.48G   0.02943   0.02361  0.001374   0.05442        30       640    0.9006    0.8984    0.9388     0.486   0.05888    0.1252  0.005154
   154/299     7.48G   0.02958    0.0243   0.00123   0.05511        52       640    0.8682    0.8999    0.9301    0.5034   0.05883    0.1247  0.005129
   155/299     7.48G    0.0297   0.02388   0.00133   0.05491        12       640    0.9028    0.9179    0.9457    0.4759    0.0577    0.1269  0.005101
   156/299     7.48G   0.02964   0.02381  0.001288   0.05473        43       640     0.884    0.9015    0.9178    0.4614   0.05793    0.1255  0.004968
   157/299     7.48G   0.03011   0.02405   0.00141   0.05557        31       640    0.8337    0.9246    0.9222    0.4765    0.0595    0.1263  0.004851
   158/299     7.48G   0.02989   0.02412  0.001411   0.05542        93       640    0.8907    0.9067    0.9408    0.4875   0.05805    0.1282  0.004878
   159/299     7.48G   0.02952   0.02362  0.001469   0.05461         7       640    0.9124    0.9106    0.9426    0.4967   0.05833    0.1225  0.004958
   160/299     7.48G   0.02979   0.02382  0.001382   0.05499        15       640    0.9343    0.9073     0.945    0.4991   0.05771    0.1261  0.004947
   161/299     7.48G   0.02935   0.02369  0.001299   0.05434        10       640     0.899    0.9106    0.9415    0.4799   0.05789    0.1284  0.005002
   162/299     7.48G   0.02917    0.0229  0.001244   0.05332        86       640    0.8732    0.9033    0.9178    0.4613   0.05814    0.1261  0.004977
   163/299     7.48G   0.02956   0.02395  0.001443   0.05495        22       640    0.9029    0.8381    0.9042    0.4602   0.05918    0.1232  0.005221
   164/299     7.48G   0.02919   0.02329  0.001331   0.05381        92       640    0.8807    0.9123     0.925    0.4809   0.05976     0.126  0.005338
   165/299     7.48G   0.02927   0.02431   0.00138   0.05496        53       640    0.9241    0.8876    0.9279    0.4925   0.05874     0.129  0.005391
   166/299     7.48G   0.02902   0.02292  0.001338   0.05328        13       640    0.8871    0.9086    0.9307    0.4956   0.05805    0.1304  0.004965
   167/299     7.48G   0.02866   0.02277  0.001237   0.05266        26       640    0.9029    0.9232    0.9402    0.5005   0.05857    0.1264  0.004899
   168/299     7.48G   0.02901   0.02303  0.001335   0.05338        56       640    0.8948    0.8838    0.9068     0.457   0.05786    0.1281  0.004814
   169/299     7.48G   0.02903   0.02291  0.001363    0.0533        48       640    0.8773    0.9124    0.9335     0.496   0.05777    0.1261  0.004817
   170/299     7.48G   0.02895   0.02303  0.001278   0.05326        52       640    0.8967    0.9156    0.9289    0.4936   0.05755    0.1278  0.005011
   171/299     7.48G   0.02934   0.02407  0.001307   0.05471        26       640    0.8833    0.9177    0.9318    0.4953   0.05861    0.1305  0.005231
   172/299     7.48G    0.0289   0.02335  0.001338   0.05359        22       640    0.8944    0.9005    0.9228    0.4811   0.05816     0.129  0.004983
   173/299     7.48G   0.02875    0.0232  0.001286   0.05324        41       640    0.9218    0.9057    0.9369    0.4827   0.05778    0.1254  0.004957
   174/299     7.48G   0.02911   0.02344   0.00135   0.05391         7       640    0.9151    0.9124    0.9428     0.513   0.05708    0.1283  0.005042
   175/299     7.48G   0.02812   0.02258  0.001214   0.05191        44       640    0.9217    0.8524    0.9296    0.5038   0.05756    0.1287  0.005091
   176/299     7.48G   0.02892   0.02295   0.00129   0.05317        47       640    0.8981    0.9005    0.9269    0.4797   0.05802    0.1277   0.00503
   177/299     7.48G   0.02816   0.02265  0.001209   0.05202        24       640     0.907    0.9196    0.9401      0.49   0.05757    0.1294  0.004994
   178/299     7.48G   0.02882   0.02297  0.001293   0.05308        16       640    0.8761    0.9209    0.9321    0.4995   0.05738    0.1289   0.00503
   179/299     7.48G   0.02897   0.02343  0.001345   0.05374        17       640    0.8872    0.9209    0.9317    0.5064   0.05797    0.1288  0.005342
   180/299     7.48G   0.02815    0.0228  0.001252    0.0522        65       640    0.8816    0.9286    0.9409     0.515   0.05772    0.1327  0.005083
   181/299     7.48G   0.02818   0.02322  0.001249   0.05264        70       640    0.8845    0.9172    0.9398    0.5033   0.05813    0.1253  0.005018
   182/299     7.48G   0.02825    0.0228  0.001126   0.05218        13       640    0.9106    0.9211    0.9394     0.498   0.05849    0.1273  0.005212
   183/299     7.48G   0.02845   0.02379  0.001312   0.05355        13       640    0.9146    0.9191    0.9449    0.5102   0.05768    0.1284  0.004796
   184/299     7.48G   0.02846   0.02318   0.00128   0.05292        33       640    0.9249    0.9186    0.9523    0.5086   0.05742     0.127  0.004993
   185/299     7.48G   0.02786   0.02286  0.001139   0.05186        41       640    0.8746    0.9234    0.9539    0.5038   0.05839     0.125  0.004998
   186/299     7.48G   0.02826   0.02418  0.001276   0.05372        24       640    0.9044    0.9179     0.948    0.4965   0.05922    0.1251  0.005389
   187/299     7.48G   0.02843   0.02333  0.001338   0.05309        21       640    0.9065    0.9319    0.9501    0.5147   0.05817    0.1268  0.005051
   188/299     7.48G   0.02856   0.02383  0.001347   0.05374        15       640    0.9096    0.9225    0.9514    0.5091   0.05757    0.1289  0.004979
   189/299     7.48G   0.02825   0.02287  0.001209   0.05233        15       640    0.8965    0.9156    0.9491    0.4989    0.0581    0.1291  0.005248
   190/299     7.48G   0.02806   0.02307  0.001277   0.05241        74       640     0.915    0.9042    0.9477    0.5043   0.05809    0.1258  0.005295
   191/299     7.48G   0.02815   0.02361  0.001299   0.05306        65       640    0.9303    0.9123     0.939    0.5018    0.0578    0.1282   0.00531
   192/299     7.48G   0.02769   0.02273  0.001228   0.05165        28       640    0.9342    0.9066    0.9451    0.5262   0.05761    0.1281  0.004881
   193/299     7.48G   0.02763   0.02255   0.00123   0.05142        15       640    0.9039    0.9207    0.9421    0.5213   0.05779    0.1297   0.00498
   194/299     7.48G   0.02768   0.02178  0.001238    0.0507        36       640    0.8998    0.9044    0.9344    0.5184   0.05753    0.1311  0.005274
   195/299     7.48G   0.02754   0.02266  0.001171   0.05136        27       640    0.8878    0.9096    0.9315    0.5001   0.05789    0.1305  0.005418
   196/299     7.48G   0.02808   0.02252   0.00121   0.05181        29       640    0.9199    0.9092    0.9429    0.4937   0.05713    0.1324  0.005282
   197/299     7.48G   0.02762   0.02339  0.001194    0.0522        49       640    0.8704     0.928    0.9354    0.4926   0.05717    0.1317    0.0053
   198/299     7.48G    0.0273   0.02311  0.001196    0.0516        15       640    0.8985    0.9125    0.9309    0.5019   0.05777    0.1309  0.005178
   199/299     7.48G   0.02808   0.02317  0.001309   0.05256        32       640    0.9132    0.8903    0.9317    0.5105   0.05734    0.1327  0.005039
   200/299     7.48G   0.02749   0.02268  0.001235   0.05141        17       640    0.9122    0.8824    0.9348    0.5029   0.05763    0.1341  0.005036
   201/299     7.48G   0.02782   0.02314  0.001249    0.0522         8       640    0.8886    0.9002    0.9268    0.5129    0.0582    0.1291  0.005102
   202/299     7.48G    0.0281   0.02353  0.001282   0.05291         8       640    0.8688    0.8995    0.9268     0.498   0.05827    0.1282  0.004987
   203/299     7.48G   0.02797   0.02263  0.001233   0.05184         9       640    0.9097    0.9141    0.9351    0.5051   0.05799    0.1273  0.005221
   204/299     7.48G   0.02736   0.02232  0.001189   0.05087         4       640    0.8852    0.9212    0.9319    0.5159   0.05743    0.1279  0.005264
   205/299     7.48G    0.0281   0.02286  0.001285   0.05225        67       640     0.885    0.9202    0.9398    0.5254   0.05608     0.131  0.005089
   206/299     7.48G   0.02745   0.02297  0.001195   0.05162        37       640    0.9087    0.9004    0.9381    0.5123    0.0567    0.1323  0.005011
   207/299     7.48G   0.02767   0.02294  0.001219   0.05183        58       640    0.8841    0.9191    0.9319    0.5091   0.05655    0.1327  0.005034
   208/299     7.48G   0.02756   0.02283   0.00127   0.05166        20       640    0.8918    0.9208    0.9375    0.5067   0.05678    0.1325  0.005056
   209/299     7.48G    0.0276   0.02294  0.001271   0.05181        85       640    0.9213    0.8964    0.9343    0.5145   0.05735    0.1298  0.005276
   210/299     7.48G   0.02716   0.02239  0.001183   0.05073        23       640    0.9154    0.9126    0.9437    0.5066   0.05662    0.1293  0.004978
   211/299     7.48G   0.02677   0.02237  0.001203   0.05035        21       640    0.9088     0.907    0.9348    0.5071   0.05681    0.1329  0.004952
   212/299     7.48G   0.02712   0.02225  0.001087   0.05045        72       640    0.9072    0.9142    0.9361    0.4952   0.05737    0.1272  0.004953
   213/299     7.48G   0.02728   0.02242  0.001284   0.05098        15       640    0.9043     0.908    0.9335    0.5018   0.05737    0.1292  0.004995
   214/299     7.48G   0.02704   0.02224  0.001206   0.05048        53       640     0.893    0.9067    0.9342    0.5012   0.05756     0.131  0.004977
   215/299     7.48G   0.02726   0.02277  0.001265    0.0513        41       640    0.8952    0.9088    0.9384    0.5198   0.05713    0.1283  0.004932
   216/299     7.48G   0.02699   0.02359   0.00127   0.05185        21       640    0.8955    0.9183    0.9322    0.4954   0.05758    0.1271  0.005027
   217/299     7.48G    0.0273   0.02357  0.001225    0.0521         9       640    0.9189    0.9026    0.9395    0.4987   0.05676    0.1314  0.004948
   218/299     7.48G   0.02696   0.02224   0.00128   0.05048        18       640    0.8899    0.8949    0.9175    0.4926   0.05656    0.1348  0.004935
   219/299     7.48G   0.02687   0.02203  0.001223   0.05012        20       640    0.9049     0.902    0.9299    0.4979   0.05692     0.134  0.005163
   220/299     7.48G   0.02718   0.02263  0.001221   0.05103        76       640    0.9146     0.893    0.9305    0.4995   0.05703    0.1339  0.005258
   221/299     7.48G   0.02675   0.02227  0.001241   0.05026        26       640    0.8954    0.9162    0.9199    0.4937   0.05691     0.132  0.005123
   222/299     7.48G    0.0267    0.0224  0.001149   0.05025        20       640    0.8946    0.9096    0.9311    0.4927   0.05718    0.1308  0.005071
   223/299     7.48G   0.02719   0.02251  0.001207   0.05091        11       640    0.8943    0.9165    0.9246    0.4937   0.05697    0.1323  0.005179
   224/299     7.48G   0.02668   0.02283   0.00108   0.05058        56       640    0.8953    0.9077    0.9204    0.4867   0.05707    0.1329  0.005112
   225/299     7.48G   0.02637   0.02198  0.001156   0.04951        22       640    0.8917    0.9162    0.9254     0.507   0.05668    0.1345  0.005076
   226/299     7.48G   0.02681   0.02209  0.001216   0.05011        29       640    0.9007    0.9287    0.9389    0.4905   0.05715    0.1316  0.005047
   227/299     7.48G   0.02674   0.02227  0.001127   0.05014        21       640    0.9006    0.9079    0.9348    0.4991   0.05753    0.1321  0.004997
   228/299     7.48G   0.02638   0.02247  0.001129   0.04998        38       640    0.9124     0.921    0.9345    0.4945   0.05725    0.1311  0.005023
   229/299     7.48G   0.02671   0.02152  0.001148   0.04938        67       640    0.9007    0.9183    0.9244    0.5055   0.05718    0.1323  0.005053
   230/299     7.48G   0.02663   0.02226  0.001152   0.05005        53       640    0.8938    0.9169    0.9252    0.5063   0.05709    0.1343  0.005008
   231/299     7.48G   0.02693   0.02355  0.001238   0.05172        36       640    0.8944    0.9135    0.9292    0.5055   0.05736    0.1332  0.005029
   232/299     7.48G   0.02608   0.02164  0.001066   0.04879        27       640    0.8864    0.9191    0.9333    0.5027   0.05663    0.1337  0.005012
   233/299     7.48G   0.02664   0.02235  0.001205   0.05019        11       640    0.8921    0.9126    0.9322    0.5041   0.05692    0.1332  0.005078
   234/299     7.48G   0.02627   0.02111  0.001074   0.04846        15       640    0.8807    0.9082    0.9251    0.4991   0.05701    0.1335  0.005173
   235/299     7.48G   0.02654   0.02202  0.001133    0.0497        17       640    0.8874    0.9115     0.933    0.5001   0.05735    0.1331  0.005359
   236/299     7.48G   0.02615   0.02187  0.001148   0.04917         3       640    0.8958    0.9285    0.9393    0.5105   0.05709     0.133  0.005256
   237/299     7.48G   0.02603   0.02218  0.001085   0.04929        78       640    0.9144    0.9171    0.9404    0.5099   0.05724    0.1332  0.005179
   238/299     7.48G   0.02634    0.0219  0.001047   0.04929        57       640    0.9088    0.9206    0.9294       0.5   0.05812    0.1325  0.005173
   239/299     7.48G   0.02628    0.0223  0.001089   0.04967        29       640    0.9092    0.9292    0.9454    0.5207   0.05707    0.1319  0.005087
   240/299     7.48G   0.02631   0.02225  0.001149   0.04972        18       640    0.9075    0.9318    0.9452    0.5234   0.05736    0.1301  0.005266
   241/299     7.48G   0.02616   0.02269  0.001122   0.04997        56       640    0.9104    0.9106    0.9342    0.5047   0.05811    0.1297  0.005279
   242/299     7.48G   0.02624   0.02207  0.001093    0.0494        17       640    0.9157     0.919     0.941    0.5048   0.05755    0.1313  0.005181
   243/299     7.48G   0.02648   0.02196  0.001106   0.04955        25       640    0.9175    0.9193    0.9389    0.5148   0.05728    0.1323  0.005077
   244/299     7.48G   0.02631   0.02236  0.001082   0.04975        17       640    0.9109    0.9174    0.9277     0.508   0.05712    0.1336  0.005104
   245/299     7.48G   0.02613   0.02247  0.001149   0.04975        44       640    0.9062    0.9235    0.9313    0.5131   0.05717    0.1301  0.005102
   246/299     7.48G   0.02609   0.02245  0.001106   0.04965        29       640    0.9002    0.9234    0.9211    0.4979   0.05731    0.1334  0.005188
   247/299     7.48G   0.02608   0.02203   0.00114   0.04925        65       640    0.8937    0.9218    0.9251    0.4929   0.05758    0.1311  0.005158
   248/299     7.48G   0.02612   0.02201  0.001164    0.0493        27       640    0.8999    0.9213    0.9275    0.4929   0.05748    0.1313  0.005168
   249/299     7.48G   0.02588    0.0219  0.001076   0.04885        25       640    0.9012    0.9206    0.9283       0.5   0.05758    0.1313  0.005218
   250/299     7.48G   0.02637   0.02267  0.001156    0.0502        71       640    0.9092     0.918    0.9326    0.5081   0.05797    0.1302  0.005287
   251/299     7.48G   0.02619    0.0223  0.001108    0.0496        37       640    0.9111    0.9211    0.9349    0.5089   0.05807    0.1311   0.00533
   252/299     7.48G   0.02613   0.02217  0.001079   0.04937        22       640     0.909    0.9196    0.9395     0.503   0.05749    0.1312  0.005317
   253/299     7.48G   0.02607   0.02138  0.001038   0.04848        23       640    0.9138    0.9194    0.9325    0.4976   0.05717     0.134   0.00532
   254/299     7.48G   0.02552   0.02105 0.0009663   0.04753        75       640    0.9156    0.9182    0.9397    0.5123   0.05677    0.1334  0.005171
   255/299     7.48G   0.02615   0.02213  0.001095   0.04938        30       640    0.9019    0.9186    0.9356    0.5089   0.05665    0.1331  0.005057
   256/299     7.48G   0.02581   0.02157  0.001105   0.04849        20       640    0.9021    0.9189    0.9326    0.5081   0.05719    0.1331  0.005067
   257/299     7.48G   0.02623   0.02222  0.001181   0.04963        41       640    0.9099    0.9173    0.9332    0.5062   0.05736    0.1338    0.0052
   258/299     7.48G   0.02594     0.022  0.001173   0.04911        21       640    0.9196    0.9241    0.9459     0.511   0.05662    0.1328  0.005104
   259/299     7.48G    0.0262   0.02234  0.001156   0.04969        21       640    0.9116    0.9193    0.9404    0.5216   0.05739    0.1315  0.005135
   260/299     7.48G   0.02566   0.02206  0.001132   0.04885        25       640    0.9136    0.9235    0.9429    0.5113   0.05672     0.132  0.005061
   261/299     7.48G   0.02574   0.02179  0.001028   0.04856        18       640    0.9272    0.9154    0.9457    0.5135   0.05619     0.134  0.005173
   262/299     7.48G   0.02594   0.02197  0.001155   0.04906        48       640    0.9269    0.9128    0.9378    0.5033   0.05668    0.1339   0.00524
   263/299     7.48G   0.02581   0.02223  0.001127   0.04917        22       640    0.9179    0.9223     0.941    0.5061   0.05684    0.1335  0.005235
   264/299     7.48G    0.0253    0.0211  0.001055   0.04745        21       640    0.9132    0.9192    0.9321    0.5031   0.05741    0.1329  0.005249
   265/299     7.48G    0.0252    0.0215  0.001041   0.04774        16       640     0.924    0.9171     0.938     0.514   0.05713    0.1313  0.005205
   266/299     7.48G   0.02578   0.02196  0.001109   0.04885        23       640    0.9185    0.9287    0.9411    0.5175    0.0571     0.133  0.005208
   267/299     7.48G   0.02594   0.02228   0.00115   0.04937        67       640     0.928    0.9169    0.9416    0.5226     0.057    0.1319  0.005204
   268/299     7.48G   0.02588   0.02253  0.001207   0.04961        94       640    0.9066      0.92    0.9357    0.5196    0.0573    0.1323  0.005207
   269/299     7.48G   0.02542    0.0213  0.001002   0.04772        48       640    0.9056    0.9222    0.9333    0.5104   0.05731    0.1335  0.005151
   270/299     7.48G   0.02582   0.02159  0.001081   0.04849        13       640    0.9059    0.9213    0.9417    0.5101   0.05717    0.1333  0.005135
   271/299     7.48G   0.02579   0.02187   0.00109   0.04875        26       640    0.9047    0.9274    0.9404     0.515     0.057    0.1333  0.005071
   272/299     7.48G   0.02564   0.02164  0.001098   0.04838        36       640     0.912    0.9233    0.9407    0.5229   0.05682     0.133   0.00505
   273/299     7.48G   0.02554   0.02146  0.001062   0.04806        28       640    0.9104    0.9144    0.9365    0.5236   0.05763    0.1317  0.005137
   274/299     7.48G   0.02559   0.02141  0.001098    0.0481        32       640    0.9078    0.9205     0.938     0.521   0.05762    0.1325  0.005138
   275/299     7.48G   0.02546   0.02101 0.0009938   0.04747         6       640    0.9049    0.9196     0.933    0.5147   0.05759    0.1329  0.005126
   276/299     7.48G   0.02626    0.0219  0.001199   0.04936        66       640    0.8958    0.9266    0.9317    0.5144   0.05771    0.1327  0.005236
   277/299     7.48G   0.02528   0.02136   0.00103   0.04767        20       640    0.9055    0.9129    0.9363    0.5233   0.05751    0.1327  0.005199
   278/299     7.48G   0.02552   0.02201  0.001108   0.04864        24       640    0.8913    0.9285    0.9373    0.5136   0.05749    0.1328  0.005208
   279/299     7.48G   0.02567   0.02186  0.001189   0.04872        32       640    0.9098    0.9286    0.9423    0.5176   0.05677    0.1338  0.005137
   280/299     7.48G   0.02546   0.02172    0.0011   0.04827        28       640    0.9012    0.9216     0.935    0.5078   0.05695    0.1353  0.005157
   281/299     7.48G   0.02571   0.02215  0.001161   0.04903        59       640    0.8947    0.9221    0.9284    0.5111   0.05726    0.1349  0.005188
   282/299     7.48G   0.02517    0.0213  0.001023    0.0475        61       640    0.8915    0.9239     0.931    0.5177   0.05706    0.1337  0.005175
   283/299     7.48G   0.02516   0.02121  0.001033    0.0474        51       640    0.8913    0.9223    0.9307    0.5163   0.05716    0.1344   0.00515
   284/299     7.48G   0.02521   0.02164  0.001118   0.04797        53       640    0.8935    0.9185    0.9315    0.5201    0.0575    0.1345   0.00521
   285/299     7.48G   0.02494   0.02133   0.00106   0.04732        56       640    0.9128    0.9051    0.9307    0.5203   0.05708    0.1356  0.005132
   286/299     7.48G   0.02548   0.02159  0.001066   0.04813        50       640    0.9121    0.9186     0.934    0.5188   0.05696    0.1359   0.00511
   287/299     7.48G   0.02542   0.02137  0.001119   0.04791        27       640    0.9129     0.925    0.9414    0.5278   0.05661    0.1365  0.005104
   288/299     7.48G   0.02518   0.02136  0.001009   0.04755        57       640    0.9087    0.9251    0.9373    0.5225   0.05665    0.1368  0.005124
   289/299     7.48G   0.02541   0.02162  0.001054   0.04808        33       640    0.9011    0.9302    0.9384    0.5207   0.05685    0.1361  0.005077
   290/299     7.48G   0.02532     0.022  0.001144   0.04847        32       640    0.9029     0.926    0.9374    0.5175   0.05712    0.1342   0.00508
   291/299     7.48G   0.02537   0.02165  0.001073   0.04809        30       640    0.9075    0.9265    0.9418    0.5223   0.05685    0.1347  0.005108
   292/299     7.48G   0.02525   0.02128 0.0009951   0.04753        13       640    0.9179    0.9181    0.9426    0.5216   0.05671    0.1346   0.00514
   293/299     7.48G   0.02528   0.02199  0.001123    0.0484        10       640     0.914    0.9215    0.9429    0.5215   0.05691    0.1349  0.005153
   294/299     7.48G   0.02573   0.02218  0.001169   0.04908        27       640    0.9092    0.9161    0.9356    0.5095   0.05744    0.1351  0.005149
   295/299     7.48G   0.02524   0.02154  0.001095   0.04788        54       640    0.8965    0.9231    0.9363    0.5112   0.05729    0.1341  0.005176
   296/299     7.48G   0.02548   0.02179   0.00106   0.04833        52       640    0.8978    0.9228    0.9397     0.517   0.05692    0.1346   0.00515
   297/299     7.48G   0.02529   0.02146  0.001134   0.04788         9       640    0.9083    0.9139     0.938    0.5228   0.05705    0.1339  0.005231
   298/299     7.48G   0.02578   0.02221  0.001128   0.04912        90       640    0.8997      0.92    0.9371    0.5225   0.05719    0.1332  0.005316
   299/299     7.48G   0.02501   0.02111  0.001033   0.04716        56       640      0.91     0.918    0.9375    0.5268    0.0568    0.1344   0.00526
