     0/499     8.74G   0.06296   0.07544   0.03167    0.1701         9      1280  0.002986  0.007961 0.0003476 5.566e-05   0.09156      0.15   0.03295
     1/499     8.73G   0.05952   0.07653   0.02753    0.1636         9      1280    0.7288  0.008666  0.002167 0.0004465   0.08752     0.164   0.02687
     2/499     8.73G   0.05941   0.07322   0.02354    0.1562        20      1280  0.006384   0.05405  0.001321 0.0002216   0.08225    0.1739   0.02418
     3/499     8.73G     0.058   0.07497   0.02116    0.1541        19      1280    0.1661   0.06281   0.01561  0.003239   0.07786    0.1731   0.02036
     4/499     8.73G   0.05593   0.07519   0.01892      0.15         2      1280    0.3059    0.1059   0.01211  0.002548   0.07798    0.1718   0.01918
     5/499     8.73G   0.05492   0.07524   0.01703    0.1472        17      1280    0.6694    0.1029   0.07353   0.02678   0.07448    0.1705   0.01801
     6/499     8.73G    0.0531   0.07771    0.0151    0.1459        53      1280    0.3667    0.1218   0.08504   0.02918   0.07255    0.1721     0.017
     7/499     8.73G   0.05211    0.0753   0.01336    0.1408        41      1280    0.4302    0.1008    0.1118   0.03879   0.07049    0.1715   0.01479
     8/499     8.73G   0.05145   0.07389   0.01207    0.1374       107      1280    0.6529    0.1787    0.1538   0.03815   0.07045    0.1663   0.01377
     9/499     8.73G   0.04966   0.07248   0.01022    0.1324         2      1280    0.6377     0.213    0.1789   0.05025    0.0702    0.1579   0.01393
    10/499     8.73G    0.0496   0.06996  0.009511    0.1291        12      1280     0.863    0.1994    0.2382   0.06684   0.06958    0.1536   0.01247
    11/499     8.73G    0.0488   0.06732  0.008898     0.125         4      1280    0.6974    0.1864    0.1941   0.07773   0.06935    0.1664   0.01269
    12/499     8.73G   0.04773    0.0673  0.008189    0.1232        57      1280    0.7222    0.2818    0.2648    0.0839   0.07013    0.1488   0.01149
    13/499     8.73G   0.04733   0.06475   0.00738    0.1195        42      1280    0.8027    0.2557    0.2761   0.09787   0.07087    0.1458   0.01122
    14/499     8.73G   0.04681   0.06422  0.006814    0.1178        19      1280    0.8065    0.2685    0.3111    0.1215   0.06909     0.148    0.0106
    15/499     8.73G   0.04577   0.06244  0.006647    0.1149         4      1280    0.7187    0.3165    0.2855   0.07029   0.07079    0.1487   0.01041
    16/499     8.73G   0.04444   0.05959  0.005794    0.1098         7      1280    0.8179    0.3067    0.3865    0.1105   0.06874    0.1446  0.009804
    17/499     8.73G   0.04475   0.05883  0.005359    0.1089         8      1280    0.7779    0.3084    0.3195   0.08815   0.06968     0.143  0.009649
    18/499     8.73G    0.0442   0.05801  0.005274    0.1075        27      1280    0.6734    0.4229    0.4019    0.1222   0.06844    0.1395  0.009421
    19/499     8.73G   0.04306   0.05697  0.004863    0.1049        14      1280    0.7514    0.4567    0.4972     0.166   0.06698    0.1427  0.009341
    20/499     8.73G   0.04282    0.0553  0.004725    0.1028        41      1280    0.7287    0.4693     0.438    0.1271    0.0669    0.1409  0.008154
    21/499     8.73G   0.04261   0.05424  0.004521    0.1014         5      1280    0.6792    0.3922    0.3645   0.09528   0.06872    0.1419  0.008704
    22/499     8.73G   0.04249   0.05339  0.004451    0.1003        35      1280    0.7233     0.397    0.3887    0.1079   0.07047    0.1403  0.008292
    23/499     8.73G   0.04146    0.0538  0.004015   0.09928        47      1280    0.7531    0.5153    0.4914     0.123   0.06845    0.1408  0.007822
    24/499     8.73G   0.04181   0.05473  0.003941    0.1005         2      1280    0.8042    0.4322    0.4554     0.132   0.06709    0.1462  0.008236
    25/499     8.73G   0.04102   0.05428  0.003655   0.09896        20      1280    0.7123    0.4446    0.4324    0.1131   0.06855    0.1425  0.007374
    26/499     8.73G   0.04043   0.05154  0.003526    0.0955        31      1280    0.7206    0.4594    0.4163   0.09837    0.0681    0.1447  0.006948
    27/499     8.73G   0.04018   0.05083  0.003537   0.09455        13      1280    0.8153    0.4966    0.5041     0.132   0.06877    0.1466  0.007053
    28/499     8.73G   0.04016   0.04996  0.003235   0.09335         6      1280    0.7012    0.4517    0.3985     0.101   0.06916    0.1469   0.00739
    29/499     8.73G   0.03959   0.05001  0.003147   0.09276        32      1280    0.7585    0.4854    0.4716    0.1205   0.06884    0.1468  0.007179
    30/499     8.73G   0.03982   0.04964  0.003298   0.09276         5      1280    0.8109    0.4695    0.5038     0.147   0.06738    0.1478  0.007311
    31/499     8.73G   0.03951   0.04913  0.003019   0.09166        27      1280    0.7435    0.4793    0.4588    0.1244   0.06788    0.1483  0.006886
    32/499     8.73G   0.03877    0.0497  0.003044   0.09151        26      1280    0.7425    0.4359    0.4388    0.1135   0.06829    0.1488  0.006717
    33/499     8.73G   0.03869    0.0495  0.003051   0.09124        46      1280    0.8025     0.488    0.4931    0.1278    0.0676    0.1467  0.006614
    34/499     8.73G    0.0384   0.05041  0.003014   0.09183         7      1280    0.8195    0.5062    0.5189    0.1477   0.06718    0.1448  0.006719
    35/499     8.73G   0.03857   0.04935  0.002982   0.09091        47      1280    0.7992    0.4834    0.4736    0.1297   0.06732    0.1477  0.006561
    36/499     8.73G    0.0382   0.04823  0.002779   0.08922         8      1280    0.8281    0.4957    0.5223    0.1644   0.06663    0.1528  0.006805
    37/499     8.73G   0.03781   0.04815  0.002785   0.08874         6      1280     0.833    0.5361    0.5449    0.1619   0.06743     0.148  0.006239
    38/499     8.73G   0.03784   0.04849  0.002713   0.08905         9      1280    0.7528    0.4614    0.4415    0.1162   0.06771    0.1445  0.006583
    39/499     8.73G   0.03784    0.0478  0.002591   0.08823        21      1280    0.8446    0.5191    0.5385     0.163   0.06549      0.15  0.005839
    40/499     8.73G   0.03803   0.04877  0.002718   0.08951         9      1280    0.7465    0.4644    0.4502    0.1079   0.06744    0.1484  0.006096
    41/499     8.73G   0.03707   0.04799  0.002524   0.08758         6      1280    0.7077    0.5814    0.5456    0.1542   0.06643    0.1519  0.005861
    42/499     8.73G   0.03701   0.04732  0.002432   0.08677         4      1280     0.637    0.5228    0.5113    0.1361   0.06613    0.1474   0.00568
    43/499     8.73G   0.03641   0.04562  0.002433   0.08446        20      1280     0.746    0.5608    0.5351    0.1481   0.06731    0.1474  0.006244
    44/499     8.73G   0.03706   0.04586  0.002291   0.08521        10      1280    0.7432    0.5826    0.5645    0.1814   0.06665    0.1414  0.005947
    45/499     8.73G   0.03663   0.04556  0.002371   0.08456        18      1280    0.7783    0.5131     0.517    0.1348   0.06755     0.158  0.005652
    46/499     8.73G   0.03656   0.04635  0.002432   0.08534         0      1280    0.7472    0.6038    0.5701    0.1752   0.06648    0.1507  0.005642
    47/499     8.73G   0.03608   0.04665  0.002472   0.08521         9      1280    0.7709    0.5666    0.5426    0.1611   0.06599    0.1543  0.006238
    48/499     8.73G    0.0368   0.04697  0.002562   0.08634        19      1280    0.7025    0.5726    0.5508    0.1777    0.0676    0.1516  0.005687
    49/499     8.73G   0.03607   0.04572  0.002346   0.08414         2      1280    0.7299    0.5523    0.5092    0.1379   0.06689    0.1502  0.005807
    50/499     8.73G   0.03521   0.04421  0.002117   0.08153        42      1280    0.7882    0.5337    0.5337    0.1545   0.06568    0.1478  0.005851
    51/499     8.73G   0.03573   0.04545  0.002081   0.08326        28      1280    0.7962    0.6145    0.5799    0.1762   0.06555    0.1487  0.005981
    52/499     8.73G   0.03521   0.04522  0.002024   0.08245        29      1280    0.7862    0.5192    0.5301    0.1549   0.06482    0.1542  0.005788
    53/499     8.73G   0.03514   0.04546  0.002214   0.08282        14      1280    0.7803    0.5772    0.5593    0.1809   0.06595    0.1522  0.006165
    54/499     8.73G   0.03533   0.04449  0.002315   0.08213         3      1280    0.7816    0.5618     0.546    0.1565   0.06589    0.1626  0.006068
    55/499     8.73G   0.03472   0.04461  0.002033   0.08137         9      1280     0.791    0.5414    0.5235    0.1485   0.06444    0.1621  0.005809
    56/499     8.73G   0.03481   0.04347  0.002087   0.08036         1      1280    0.8056    0.5647    0.5694    0.1717   0.06457    0.1594  0.005923
    57/499     8.73G   0.03546   0.04354  0.002176   0.08117        35      1280    0.8156    0.5889    0.5968    0.1891   0.06377    0.1542  0.005869
    58/499     8.73G    0.0351   0.04459  0.002191   0.08188         0      1280    0.7828    0.6345    0.6161    0.2018   0.06411    0.1549  0.006091
    59/499     8.73G   0.03435   0.04279  0.002052   0.07919         3      1280    0.8211    0.5884    0.5857    0.1767   0.06383    0.1597  0.005868
    60/499     8.73G    0.0348   0.04441  0.002056   0.08127        13      1280    0.7972    0.5591    0.5433    0.1554   0.06453    0.1648  0.005895
    61/499     8.73G   0.03451   0.04469  0.001962   0.08116        48      1280    0.6877    0.5775    0.5504    0.1772   0.06317     0.163  0.005758
    62/499     8.73G   0.03436   0.04422  0.002039   0.08061         5      1280     0.802    0.5256    0.5452    0.1612   0.06321     0.159  0.005919
    63/499     8.73G   0.03375   0.04276  0.001932   0.07844        31      1280    0.8323    0.5753    0.5951    0.1923   0.06343    0.1623  0.005981
    64/499     8.73G   0.03439   0.04343  0.001933   0.07975        12      1280    0.8515     0.603    0.6082    0.1936   0.06331    0.1613  0.005888
    65/499     8.73G    0.0337     0.044  0.001924   0.07962        17      1280    0.8038    0.5943    0.5799    0.2019   0.06352    0.1626  0.005554
    66/499     8.73G   0.03396   0.04263  0.002038   0.07863        15      1280    0.8241    0.6026     0.593     0.196   0.06399    0.1616  0.005679
    67/499     8.73G   0.03392   0.04402  0.001927   0.07986         8      1280    0.8339    0.5784    0.5859    0.1848   0.06265     0.163  0.005499
    68/499     8.73G   0.03354    0.0442   0.00198   0.07971        24      1280    0.8334    0.5621    0.5731    0.1692   0.06323    0.1623   0.00577
    69/499     8.73G   0.03328   0.04386  0.001881   0.07902        12      1280    0.8459    0.6019    0.6053     0.201   0.06429    0.1588  0.005749
    70/499     8.73G   0.03346   0.04218  0.001828   0.07747         5      1280    0.7936    0.6176    0.6105    0.1955   0.06246    0.1578  0.005573
    71/499     8.73G   0.03345   0.04432   0.00213   0.07989         2      1280    0.8456      0.58    0.5912    0.1884   0.06324    0.1626  0.005642
    72/499     8.73G   0.03323   0.04222  0.001907   0.07736         6      1280    0.8524    0.5921    0.5976    0.1821   0.06288    0.1647  0.005704
    73/499     8.73G   0.03304   0.04342  0.001941   0.07841        19      1280    0.8055    0.5841    0.5825    0.1738   0.06371    0.1609  0.005557
    74/499     8.73G   0.03284   0.04342  0.001913   0.07817        49      1280    0.7528    0.6443    0.6205    0.1844   0.06315    0.1642  0.005646
    75/499     8.73G   0.03361   0.04282  0.001929   0.07836        17      1280    0.8272    0.5793    0.5873    0.1874   0.06312    0.1597  0.005676
    76/499     8.73G   0.03322   0.04287  0.001926   0.07801         7      1280    0.8454    0.5947    0.6128    0.2187    0.0625    0.1562  0.005463
    77/499     8.73G   0.03303   0.04479  0.001924   0.07974         6      1280    0.8305    0.6011    0.6198    0.2018   0.06263    0.1588  0.005759
    78/499     8.73G   0.03236   0.04219   0.00168   0.07623        16      1280    0.8568    0.6209    0.6125    0.1985    0.0624    0.1659  0.006235
    79/499     8.73G   0.03238   0.04279  0.001822   0.07699         6      1280    0.8373    0.6013    0.5923    0.1988   0.06319    0.1625    0.0054
    80/499     8.73G   0.03275   0.04215  0.001769   0.07668         3      1280    0.8386    0.6168    0.6267     0.197   0.06352    0.1616  0.005749
    81/499     8.73G    0.0326   0.04335  0.001846    0.0778        18      1280    0.7699    0.5901    0.5752    0.1776   0.06336    0.1651  0.005879
    82/499     8.73G   0.03211   0.04239  0.001797    0.0763        14      1280    0.8443    0.5549    0.5784    0.1778   0.06396    0.1647   0.00577
    83/499     8.73G   0.03266   0.04154  0.001686   0.07588         9      1280    0.8554    0.5919    0.6105    0.2141   0.06351    0.1605  0.006213
    84/499     8.73G   0.03233   0.04143  0.001701   0.07546        19      1280    0.8735    0.5813    0.6138    0.2153   0.06233    0.1673  0.005973
    85/499     8.73G   0.03216   0.04165  0.001772   0.07559         8      1280    0.8698    0.5672    0.6051    0.2019   0.06402    0.1642  0.006113
    86/499     8.73G   0.03229   0.03977  0.001693   0.07375        30      1280    0.8362    0.6232    0.6283    0.2145   0.06212    0.1659  0.005697
    87/499     8.73G   0.03194   0.04253  0.001827    0.0763         2      1280    0.8862    0.5825    0.6316    0.2204   0.06314    0.1615  0.005726
    88/499     8.73G   0.03242   0.04079  0.001655   0.07487        19      1280     0.763    0.6621    0.6842    0.2413   0.06242     0.164  0.005777
    89/499     8.73G   0.03178   0.04141  0.001795   0.07498        19      1280    0.8553    0.5726    0.5874    0.1771   0.06347    0.1624  0.006045
    90/499     8.73G   0.03172   0.04209  0.001733   0.07554        19      1280    0.8437    0.5815    0.5958    0.2015   0.06371    0.1659  0.005954
    91/499     8.73G   0.03189   0.04116  0.001573   0.07463         5      1280    0.8683    0.5977      0.61    0.2046   0.06317    0.1607  0.006171
    92/499     8.73G   0.03148   0.04162  0.001701    0.0748        59      1280     0.851    0.5972    0.5905     0.209   0.06276    0.1639  0.005877
    93/499     8.73G   0.03144   0.04108  0.001506   0.07403        73      1280    0.8631    0.5843    0.6143    0.1926   0.06387    0.1634  0.005978
    94/499     8.73G   0.03149   0.04183  0.001626   0.07495        24      1280    0.8578    0.6055    0.7356    0.2665   0.06266    0.1645  0.005966
    95/499     8.73G   0.03174   0.04026  0.001709    0.0737        19      1280    0.8817    0.6065     0.676    0.2481   0.06326    0.1635  0.006118
    96/499     8.73G   0.03184   0.04088  0.001724   0.07445         9      1280    0.7816    0.6269    0.6058    0.2234   0.06235    0.1675  0.005919
    97/499     8.73G   0.03099   0.04219  0.001743   0.07492        43      1280    0.8809    0.6041     0.618    0.2082   0.06357     0.164  0.005949
    98/499     8.73G   0.03163   0.04142  0.001684   0.07474        87      1280    0.9032    0.5686    0.6541    0.2338   0.06303    0.1633  0.005643
    99/499     8.73G   0.03124   0.03967  0.001616   0.07253         4      1280    0.7563    0.6379     0.609    0.1981   0.06387    0.1665  0.005837
   100/499     8.73G   0.03098   0.04105  0.001531   0.07357         4      1280    0.8564    0.5748    0.5902    0.1773   0.06314    0.1659  0.005696
   101/499     8.74G   0.03063   0.04096  0.001519   0.07311        46      1280    0.8782    0.5942    0.6654    0.2361   0.06326    0.1669  0.005615
   102/499     8.74G   0.03091   0.04078  0.001636   0.07333        40      1280     0.814    0.6598    0.6693    0.2308   0.06331    0.1584   0.00567
   103/499     8.74G   0.03133   0.04037  0.001668   0.07336        15      1280    0.8237    0.5852    0.5943    0.1804   0.06393    0.1637  0.005983
   104/499     8.74G   0.03116   0.04199  0.001679   0.07483        14      1280    0.8623    0.5914    0.6101    0.1908   0.06485    0.1597  0.005873
   105/499     8.74G   0.03059   0.04064  0.001519   0.07275        17      1280    0.8398     0.591    0.5895    0.1917   0.06522    0.1592  0.005904
   106/499     8.74G   0.03078   0.03967  0.001615   0.07206        49      1280    0.8571    0.6141    0.6564    0.2253   0.06401    0.1599  0.005731
   107/499     8.74G   0.03102   0.03973  0.001546    0.0723         5      1280    0.7897    0.5339    0.5941    0.2193   0.06535     0.157  0.005923
   108/499     8.74G   0.03096   0.03884  0.001588    0.0714        14      1280    0.8434     0.602     0.651    0.2202   0.06369    0.1604  0.006178
   109/499     8.74G   0.03072   0.04079   0.00165   0.07317        12      1280      0.89    0.6207     0.674    0.2461     0.063    0.1636  0.005728
   110/499     8.74G   0.02999   0.03884  0.001433   0.07026        88      1280    0.7648    0.6473    0.6259    0.1831   0.06493    0.1638  0.006314
   111/499     8.74G    0.0305   0.04081  0.001593    0.0729        41      1280    0.8161    0.6444    0.6462     0.218   0.06381    0.1586  0.005822
   112/499     8.74G   0.03041   0.04095  0.001506   0.07287        32      1280    0.8867    0.5839     0.623    0.2075   0.06383    0.1577  0.006236
   113/499     8.74G    0.0307   0.04038  0.001559   0.07264        30      1280    0.7372    0.6769    0.6232    0.2253   0.06352    0.1607  0.006571
   114/499     8.74G   0.03044    0.0402  0.001508   0.07215        37      1280    0.8494    0.5591    0.6689    0.2308   0.06387    0.1672  0.005696
   115/499     8.74G   0.02993   0.04012  0.001549    0.0716         8      1280    0.7573    0.6239    0.5992    0.2054   0.06304     0.163  0.005886
   116/499     8.74G   0.02967   0.04031  0.001546   0.07153         0      1280    0.8544    0.5876    0.6936    0.2459   0.06349    0.1642  0.005839
   117/499     8.74G   0.03045     0.039  0.001564   0.07101        26      1280    0.8592    0.6278    0.6718    0.2322   0.06294    0.1626  0.006369
   118/499     8.74G   0.03012   0.03937  0.001389   0.07087         9      1280    0.8641    0.5815    0.6142    0.2157   0.06407    0.1611  0.006108
   119/499     8.74G   0.02949   0.03862  0.001407   0.06952         7      1280     0.858    0.5798    0.6036    0.2085   0.06316    0.1679  0.005754
   120/499     8.74G   0.03039   0.03982  0.001507   0.07172         7      1280    0.8561    0.5878    0.6115    0.2231   0.06241    0.1643  0.005876
   121/499     8.74G   0.02977   0.04009  0.001566   0.07142        44      1280    0.7336    0.6303    0.6172    0.2055   0.06302     0.164  0.006126
   122/499     8.74G   0.03021   0.03897  0.001421    0.0706        10      1280    0.7149     0.609    0.5776    0.1939   0.06283    0.1667  0.006036
   123/499     8.74G   0.03021   0.04022  0.001479   0.07192        16      1280    0.7342    0.6698    0.6301    0.2309   0.06344    0.1682   0.00596
   124/499     8.74G   0.02956   0.03932  0.001448   0.07032        17      1280    0.8183     0.648     0.643    0.2473   0.06274    0.1679  0.006003
   125/499     8.74G   0.02958   0.03961  0.001422   0.07061        11      1280    0.7603    0.6471    0.6234      0.24   0.06299    0.1668  0.006186
   126/499     8.74G   0.02977   0.03944  0.001471   0.07068        28      1280    0.8534    0.6675    0.6596    0.2256   0.06281    0.1658  0.006074
   127/499     8.74G   0.02922   0.03876  0.001484   0.06947        13      1280    0.7527    0.6213    0.6187    0.2192   0.06263    0.1639  0.006219
   128/499     8.74G   0.02973     0.038  0.001564    0.0693         0      1280    0.7971    0.6237    0.6163    0.2064    0.0632    0.1646  0.006028
   129/499     8.74G   0.02937   0.03822  0.001526   0.06911         6      1280    0.7976    0.6437    0.6566    0.2489   0.06213    0.1669  0.006177
   130/499     8.74G   0.02984   0.03907  0.001603   0.07052        15      1280    0.7953    0.6535    0.6453    0.2445    0.0617    0.1664  0.005891
   131/499     8.74G    0.0296   0.04015  0.001616   0.07137        43      1280     0.802    0.6285    0.6248    0.2162   0.06264    0.1684  0.005931
   132/499     8.74G   0.02927   0.03853  0.001528   0.06933         8      1280    0.8455    0.6713     0.669    0.2351   0.06265    0.1649   0.00626
   133/499     8.74G   0.02969   0.03989  0.001572   0.07116        14      1280    0.8758    0.6338    0.6511    0.2414   0.06259    0.1664  0.006395
   134/499     8.74G   0.02907   0.03787   0.00146    0.0684        14      1280    0.8176    0.6745    0.6689    0.2479   0.06141    0.1659  0.006029
   135/499     8.74G   0.02938   0.03879  0.001384   0.06956         9      1280    0.8498    0.6183    0.6212    0.2306   0.06202    0.1682  0.005894
   136/499     8.74G   0.02912   0.03822  0.001328   0.06867        35      1280    0.8009    0.6349     0.662    0.2702   0.06107    0.1706  0.005616
   137/499     8.74G   0.02878   0.03803  0.001402   0.06822        19      1280      0.74    0.6398    0.6101    0.2297   0.06159    0.1694  0.005911
   138/499     8.74G   0.02897   0.03894  0.001444   0.06935        78      1280    0.8584    0.6458    0.6488    0.2371   0.06089    0.1651  0.005961
   139/499     8.74G   0.02934   0.03895  0.001331   0.06963        28      1280    0.8186    0.6865    0.7438    0.3141   0.06118    0.1651  0.006279
   140/499     8.74G   0.02954   0.03814  0.001588   0.06927        14      1280    0.7825    0.6707    0.6477    0.2304   0.06182     0.165  0.005867
   141/499     8.74G   0.02899    0.0397  0.001456   0.07015        61      1280    0.8181    0.6305    0.6403    0.2496   0.06202    0.1627   0.00594
   142/499     8.74G   0.02916   0.03852  0.001572   0.06925        43      1280    0.9028     0.684    0.7553    0.2893    0.0615    0.1687  0.005667
   143/499     8.74G   0.02902   0.03848  0.001356   0.06886        69      1280    0.8026    0.6807    0.6762     0.264   0.06113    0.1652  0.005874
   144/499     8.74G   0.02832   0.03726  0.001275   0.06685        17      1280     0.757    0.6498    0.6247    0.2525   0.06148    0.1631  0.006013
   145/499     8.74G   0.02894    0.0399  0.001451    0.0703        25      1280    0.7852    0.6637    0.6498    0.2492   0.06137    0.1671  0.005652
   146/499     8.74G   0.02887   0.03826  0.001588   0.06872        37      1280    0.8619    0.6689    0.6577    0.2382   0.06137    0.1646   0.00607
   147/499     8.74G   0.02887   0.03926  0.001505   0.06963        16      1280    0.8534    0.6358    0.6444    0.2411   0.06112    0.1642  0.005866
   148/499     8.74G    0.0283   0.03709   0.00126   0.06665         9      1280    0.8135    0.6243    0.6435    0.2543   0.06097    0.1703  0.005636
   149/499     8.74G   0.02812   0.03873  0.001348    0.0682        83      1280     0.774    0.6565    0.6529    0.2579   0.06115     0.169  0.005969
   150/499     8.74G     0.029   0.03932  0.001619   0.06994        10      1280    0.7917    0.6611    0.6464    0.2702   0.06029    0.1672  0.005943
   151/499     8.74G   0.02859   0.03872  0.001362   0.06867         4      1280    0.7781      0.63    0.6072    0.2186   0.06035    0.1662  0.005677
   152/499     8.74G   0.02839   0.03754   0.00137    0.0673        33      1280    0.9084    0.6209    0.6486    0.2559   0.05904    0.1705  0.005869
   153/499     8.74G   0.02828   0.03799  0.001325    0.0676        37      1280    0.8341    0.6515    0.6626    0.2393   0.06102     0.176  0.005767
   154/499     8.74G   0.02855   0.03829  0.001357    0.0682        17      1280    0.8734    0.6544    0.6764    0.2673   0.06033    0.1718  0.006045
   155/499     8.74G   0.02799   0.03782  0.001431   0.06724         3      1280    0.7731    0.6684    0.6818    0.2885   0.05982    0.1725  0.006115
   156/499     8.74G   0.02912    0.0398  0.001385    0.0703        81      1280    0.7855    0.6594    0.7307    0.2822   0.05981    0.1708  0.006092
   157/499     8.74G   0.02834   0.03796  0.001425   0.06772        40      1280    0.7905     0.662    0.6986    0.2829   0.06073    0.1726  0.005968
   158/499     8.74G   0.02812   0.03772   0.00141   0.06725         4      1280    0.7936    0.6639    0.7066    0.3135   0.06046     0.171  0.005715
   159/499     8.74G   0.02855   0.03855  0.001307    0.0684        43      1280    0.7503    0.6398    0.6375    0.2657   0.06035    0.1706  0.005962
   160/499     8.74G   0.02805   0.03791  0.001342    0.0673        33      1280    0.7968     0.628    0.6492    0.2802   0.05967    0.1702  0.006033
   161/499     8.74G   0.02788   0.03712   0.00129   0.06629        48      1280    0.7691    0.6555    0.6879    0.2998   0.06019    0.1711  0.006011
   162/499     8.74G   0.02794   0.03701  0.001502   0.06644        65      1280    0.8206    0.6859    0.7093    0.2976   0.06125    0.1682  0.005658
   163/499     8.74G   0.02817   0.03691  0.001336   0.06641         5      1280    0.8227    0.6616    0.6582    0.2661   0.06098    0.1661   0.00598
   164/499     8.74G   0.02785   0.03821  0.001403   0.06747        15      1280    0.8555    0.6752    0.7028    0.2814   0.06048    0.1678  0.005695
   165/499     8.74G   0.02795   0.03896  0.001351   0.06826        35      1280    0.7893    0.6667    0.6739    0.2824   0.06015    0.1693  0.005811
   166/499     8.74G   0.02789   0.03837  0.001437   0.06769        63      1280    0.8185    0.6868    0.6746    0.2746   0.06016     0.172  0.005924
   167/499     8.74G   0.02791   0.03839  0.001262   0.06756         9      1280    0.7715    0.6668    0.6348     0.242    0.0611    0.1743  0.005785
   168/499     8.74G   0.02751   0.03744  0.001249    0.0662         3      1280    0.8743    0.5951    0.6281    0.2782   0.05944    0.1762   0.00574
   169/499     8.74G   0.02788   0.03906  0.001356   0.06829        16      1280    0.7688    0.6445    0.6689    0.2927   0.05998    0.1696  0.005815
   170/499     8.74G   0.02781   0.03764   0.00137   0.06682        34      1280    0.8639    0.6283    0.6418    0.2668   0.06061    0.1676  0.006016
   171/499     8.74G   0.02758   0.03642  0.001266   0.06527         8      1280    0.8316    0.6369    0.7022    0.2926   0.06131    0.1683  0.006239
   172/499     8.74G   0.02736   0.03644  0.001393   0.06519         5      1280    0.8161    0.6237    0.6966    0.2903   0.06121    0.1705   0.00605
   173/499     8.74G   0.02772   0.03907  0.001442   0.06823        63      1280    0.8329    0.6533    0.7037    0.3005   0.06095    0.1668  0.006207
   174/499     8.74G   0.02755   0.03777   0.00131   0.06663         6      1280    0.8675    0.6422    0.6793    0.2507   0.06168    0.1756  0.006151
   175/499     8.74G    0.0275   0.03702  0.001251   0.06577         6      1280    0.8731    0.6149    0.6595    0.2695   0.06006    0.1735   0.00593
   176/499     8.74G    0.0273   0.03685  0.001401   0.06555         5      1280    0.8695    0.6255    0.6666      0.25   0.06092    0.1746  0.006053
   177/499     8.74G   0.02748   0.03725  0.001328   0.06606        54      1280    0.8848    0.6656    0.7175    0.2591   0.06033    0.1706  0.005872
   178/499     8.74G   0.02707   0.03634  0.001231   0.06464         7      1280    0.7942     0.655    0.6798    0.2732   0.06102    0.1707  0.005876
   179/499     8.74G   0.02735   0.03664  0.001216    0.0652        21      1280    0.8192    0.6337     0.694    0.2872   0.06046    0.1698  0.005872
   180/499     8.74G   0.02742   0.03753  0.001482   0.06643         4      1280    0.8106     0.672     0.699    0.2954   0.06038    0.1696  0.006183
   181/499     8.74G   0.02779   0.03817  0.001287   0.06725        16      1280    0.6537    0.7538    0.6978     0.318   0.06008    0.1732  0.005855
   182/499     8.74G    0.0274   0.03676   0.00124    0.0654        22      1280    0.6327    0.7839    0.7213    0.3391   0.06032    0.1679  0.005943
   183/499     8.74G   0.02732   0.03807  0.001293   0.06668        23      1280    0.7699    0.6662    0.6779    0.3105   0.06003     0.172  0.005957
   184/499     8.74G     0.027   0.03696  0.001267   0.06522        31      1280    0.5439    0.8002    0.6701     0.277   0.06008    0.1709  0.005947
   185/499     8.74G   0.02741   0.03783  0.001288   0.06652         4      1280    0.7668    0.6565    0.6755    0.2685   0.06024    0.1713  0.005628
   186/499     8.74G   0.02753   0.03715  0.001368   0.06605         9      1280     0.741    0.6349    0.6485    0.2633   0.06042    0.1724  0.006016
   187/499     8.74G   0.02696    0.0372  0.001207   0.06537         1      1280    0.8461    0.6239    0.6594     0.271   0.05994    0.1741  0.005962
   188/499     8.74G   0.02688   0.03641  0.001299   0.06459         3      1280    0.7446    0.6931    0.6702    0.2936   0.05909    0.1743  0.005788
   189/499     8.74G   0.02697   0.03778  0.001262   0.06601        30      1280    0.7959    0.6678    0.6929    0.3024   0.05978    0.1729  0.005534
   190/499     8.74G   0.02739   0.03739  0.001312    0.0661        19      1280    0.8281     0.667    0.7224    0.3245   0.05925    0.1732  0.005667
   191/499     8.74G   0.02699   0.03737  0.001268   0.06563        25      1280    0.8666    0.5769    0.6777    0.3081    0.0594    0.1719  0.005602
   192/499     8.74G   0.02716   0.03755  0.001409   0.06611        20      1280    0.6122    0.8241    0.7433    0.3217    0.0601    0.1697  0.005718
   193/499     8.74G    0.0266   0.03674  0.001347   0.06468         5      1280    0.6704    0.8142    0.7607    0.3157   0.06037     0.172  0.005858
   194/499     8.74G   0.02715   0.03761  0.001299   0.06606        37      1280    0.6521    0.8347    0.7915    0.3087   0.06086    0.1756  0.005974
   195/499     8.74G   0.02703   0.03735  0.001315   0.06569        16      1280     0.675    0.8089     0.764     0.314   0.06041     0.176  0.005915
   196/499     8.74G   0.02675   0.03749  0.001255    0.0655        36      1280    0.7639    0.8032    0.7704    0.3243   0.06012    0.1748  0.005692
   197/499     8.74G   0.02686   0.03752  0.001323   0.06571         6      1280    0.7411    0.7789    0.7683    0.3068   0.05962    0.1735   0.00565
   198/499     8.74G   0.02636   0.03668  0.001208   0.06425        62      1280    0.7497    0.7834    0.7747    0.3143   0.06012    0.1774  0.005574
   199/499     8.74G   0.02679   0.03664  0.001223   0.06465        51      1280    0.6992    0.7534     0.704    0.3156    0.0592    0.1736   0.00539
   200/499     8.74G   0.02623   0.03557  0.001202   0.06299        12      1280    0.7216    0.7801    0.7092    0.3228   0.05933     0.173  0.005354
   201/499     8.74G   0.02639    0.0357  0.001218   0.06331        22      1280    0.6969    0.7418    0.6988    0.3387    0.0599    0.1706  0.005545
   202/499     8.74G   0.02649   0.03677  0.001219   0.06449        86      1280    0.7573    0.7813    0.7794    0.3226   0.05955    0.1728  0.005409
   203/499     8.74G   0.02656   0.03626   0.00129   0.06412        37      1280    0.7706    0.8098    0.7921     0.347   0.05922    0.1749  0.005545
   204/499     8.74G   0.02629   0.03635  0.001174   0.06382        50      1280    0.8046     0.775    0.7724    0.3258   0.05905    0.1751  0.005484
   205/499     8.74G   0.02599   0.03699  0.001123   0.06411         2      1280    0.7759    0.7702    0.7651    0.3211   0.05939     0.177  0.005313
   206/499     8.74G   0.02644   0.03776  0.001251   0.06544        89      1280    0.7556    0.7725    0.7584    0.3205   0.05968    0.1765  0.005505
   207/499     8.74G   0.02659   0.03624  0.001259   0.06409        33      1280    0.7638    0.7769    0.7691     0.334   0.05965    0.1735  0.005536
   208/499     8.74G   0.02641   0.03715  0.001275   0.06483        22      1280    0.7978    0.7665    0.7617    0.3233   0.05993    0.1721  0.005396
   209/499     8.74G   0.02671   0.03801  0.001296   0.06602         1      1280    0.7852    0.7758    0.7789    0.3156   0.06006    0.1711  0.005452
   210/499     8.74G   0.02661   0.03632  0.001253   0.06419        28      1280    0.7736    0.7295    0.7289    0.2959   0.05928    0.1746  0.005283
   211/499     8.74G   0.02611     0.035  0.001171   0.06228         2      1280    0.8289    0.7468    0.7257    0.2972   0.05923    0.1798  0.005306
   212/499     8.74G   0.02606   0.03556  0.001142   0.06276         5      1280    0.8227    0.7336    0.7353    0.3194    0.0591     0.179  0.005284
   213/499     8.74G   0.02639   0.03632   0.00127   0.06398        28      1280    0.8167    0.7458    0.7397    0.3151   0.05865    0.1779  0.005304
   214/499     8.74G   0.02611   0.03585  0.001141    0.0631        12      1280    0.7606     0.761    0.7351    0.3223   0.05917    0.1714  0.005767
   215/499     8.74G   0.02599   0.03703  0.001202   0.06421        13      1280    0.7993     0.729    0.7231     0.318   0.05932    0.1714  0.005749
   216/499     8.74G   0.02617   0.03608  0.001296   0.06355        35      1280    0.7445    0.7379     0.731    0.3357   0.05934     0.172  0.005873
   217/499     8.74G   0.02588   0.03533  0.001119   0.06233         7      1280    0.7904    0.7859    0.7754    0.3383   0.05943    0.1724  0.005775
   218/499     8.74G   0.02606   0.03513   0.00119   0.06238         3      1280    0.8495    0.7394    0.7557    0.3326   0.05889    0.1763  0.005896
   219/499     8.74G   0.02622   0.03564  0.001139     0.063         7      1280    0.7129    0.7712    0.7167     0.348   0.05867    0.1753  0.005738
   220/499     8.74G   0.02605   0.03658  0.001182   0.06381        36      1280    0.8509    0.6976    0.7227    0.3227    0.0594    0.1755  0.005826
   221/499     8.74G   0.02634   0.03746   0.00117   0.06497        14      1280    0.7711    0.7014    0.7158    0.3324   0.05929    0.1794  0.005757
   222/499     8.74G   0.02577   0.03701  0.001174   0.06396        48      1280    0.7812    0.7755    0.7682    0.3329   0.05844     0.179  0.005337
   223/499     8.74G   0.02606   0.03689  0.001167   0.06412         3      1280    0.7655    0.7417    0.7229    0.3104   0.05912    0.1776  0.005451
   224/499     8.74G   0.02599   0.03494  0.001229   0.06216         1      1280    0.7513    0.7508    0.7271      0.29   0.05927    0.1769  0.005743
   225/499     8.74G   0.02582   0.03599  0.001267   0.06308        31      1280    0.7379    0.7379    0.7197     0.311   0.05902    0.1765  0.005761
   226/499     8.74G   0.02628   0.03708  0.001191   0.06455         4      1280    0.8531    0.7734    0.7909    0.3275   0.05943    0.1747  0.005731
   227/499     8.74G   0.02547   0.03723  0.001168   0.06387        43      1280    0.8347    0.8024    0.7952    0.3473   0.05948    0.1759  0.005718
   228/499     8.74G    0.0258   0.03556  0.001209   0.06257        25      1280    0.8011     0.794    0.7858    0.3241   0.06052    0.1754  0.005699
   229/499     8.74G    0.0254   0.03456   0.00116   0.06112        10      1280    0.8467    0.7737    0.7911    0.3544   0.05909    0.1775  0.005504
   230/499     8.74G   0.02571    0.0356  0.001264   0.06257        18      1280    0.8833     0.723    0.7758    0.3351   0.05912     0.177  0.005455
   231/499     8.74G   0.02579   0.03716  0.001183   0.06414        22      1280    0.8052    0.8017    0.7902    0.3404   0.05886    0.1788  0.005508
   232/499     8.74G   0.02537   0.03511  0.001188   0.06167         5      1280    0.8685    0.7381    0.7704    0.3476   0.05847    0.1793   0.00523
   233/499     8.74G   0.02575   0.03643  0.001263   0.06344        16      1280    0.7507    0.7288    0.7121    0.3379   0.05826    0.1773  0.005207
   234/499     8.74G   0.02539   0.03562  0.001108   0.06212         2      1280    0.8835     0.692    0.7354    0.3504   0.05864    0.1765  0.005088
   235/499     8.74G   0.02554   0.03544  0.001181   0.06216         6      1280    0.8902     0.702    0.7354    0.3552   0.05839    0.1785  0.005163
   236/499     8.74G   0.02539   0.03508   0.00116   0.06163         0      1280    0.8714    0.7623    0.7755    0.3473    0.0589    0.1774  0.005269
   237/499     8.74G   0.02583    0.0356  0.001203   0.06262         9      1280    0.8776    0.7704    0.7926    0.3447   0.05817    0.1774  0.005269
   238/499     8.74G   0.02529   0.03539  0.001123    0.0618        41      1280    0.8449    0.7739    0.7898    0.3392   0.05826    0.1807  0.005292
   239/499     8.74G   0.02553   0.03577  0.001175   0.06247        50      1280    0.8455    0.7734    0.7899    0.3471   0.05823     0.182  0.005231
   240/499     8.74G   0.02524   0.03501  0.001172   0.06143        11      1280    0.8024    0.7219    0.7388    0.3522   0.05854     0.179  0.005246
   241/499     8.74G   0.02557   0.03636  0.001195   0.06312        11      1280    0.7471    0.7674    0.7344    0.3239   0.05813    0.1804  0.005222
   242/499     8.74G   0.02527   0.03534   0.00109    0.0617        10      1280     0.765    0.7692    0.7348    0.3142   0.05891    0.1793   0.00529
   243/499     8.74G   0.02523   0.03473  0.001072   0.06104        30      1280    0.7687    0.7518    0.7464    0.3356   0.05902    0.1799  0.005225
   244/499     8.74G    0.0252   0.03606   0.00109   0.06235        65      1280    0.7601     0.765    0.7317    0.3242    0.0585    0.1799   0.00524
   245/499     8.74G   0.02499    0.0342  0.001145   0.06034        15      1280    0.8518      0.79    0.7998    0.3661    0.0583    0.1778  0.005198
   246/499     8.74G   0.02508   0.03665  0.001178   0.06291        21      1280    0.8046    0.8208     0.807    0.3694   0.05805    0.1772  0.005429
   247/499     8.74G   0.02516   0.03559  0.001201   0.06195        27      1280    0.8232    0.8111    0.8091    0.3686    0.0582    0.1766  0.005607
   248/499     8.74G   0.02494    0.0353  0.001084   0.06133        12      1280    0.7864    0.8124    0.8008     0.349   0.05873    0.1782  0.005543
   249/499     8.74G   0.02526   0.03604  0.001128   0.06243        24      1280     0.781    0.8107    0.7977    0.3552    0.0583    0.1784  0.005438
   250/499     8.74G   0.02519   0.03511  0.001052   0.06135         6      1280    0.7701    0.8292    0.7915    0.3393    0.0585     0.178  0.005416
   251/499     8.74G   0.02539   0.03542  0.001094    0.0619        22      1280    0.7784    0.8188    0.7884    0.3474   0.05894    0.1803  0.005488
   252/499     8.74G   0.02509   0.03586  0.001164   0.06211       106      1280    0.7448    0.8135    0.7709    0.3331   0.05862    0.1829  0.005461
   253/499     8.74G   0.02515   0.03511  0.001096   0.06136        11      1280    0.7112    0.7378    0.6959    0.3282   0.05857    0.1806  0.005511
   254/499     8.74G   0.02487    0.0353   0.00109   0.06126        32      1280    0.6908    0.7424    0.6976    0.3231   0.05881    0.1814  0.005315
   255/499     8.74G   0.02493   0.03481  0.001061    0.0608        23      1280    0.8661    0.7367    0.7683    0.3583   0.05835    0.1813  0.005212
   256/499     8.74G   0.02502   0.03536  0.001127   0.06151         6      1280    0.7627    0.7909    0.7747     0.362   0.05805    0.1814  0.005175
   257/499     8.74G   0.02502   0.03551  0.001107   0.06163        58      1280     0.876    0.7183    0.7733    0.3465    0.0583    0.1792   0.00517
   258/499     8.74G   0.02472   0.03455  0.001032    0.0603         6      1280    0.8536    0.7306    0.7718    0.3439   0.05761    0.1824  0.005139
   259/499     8.74G   0.02481   0.03474  0.001088   0.06063         3      1280     0.855    0.7386    0.7823    0.3677   0.05736    0.1807  0.005293
   260/499     8.74G   0.02435   0.03363  0.001034   0.05901         3      1280    0.8907    0.7188    0.7802    0.3613   0.05783    0.1828  0.005376
   261/499     8.74G   0.02432    0.0357  0.001084    0.0611        40      1280    0.8679    0.7393    0.7682    0.3617   0.05804    0.1836  0.005362
   262/499     8.74G    0.0248   0.03603   0.00111   0.06194        12      1280    0.8708    0.7232    0.7644    0.3462   0.05787    0.1835  0.005357
   263/499     8.74G   0.02456   0.03592  0.001149   0.06163         6      1280    0.8841     0.721    0.7751    0.3519   0.05769    0.1814  0.005313
   264/499     8.74G   0.02425   0.03494  0.001012    0.0602         3      1280    0.7269    0.8123    0.7671    0.3448   0.05762    0.1819  0.005285
   265/499     8.74G   0.02468   0.03494   0.00111   0.06073        10      1280    0.7306    0.8041    0.7648    0.3474   0.05781    0.1817  0.005319
   266/499     8.74G   0.02474   0.03726  0.001156   0.06315        20      1280    0.7437    0.7805    0.7685    0.3381   0.05798    0.1826  0.005235
   267/499     8.74G   0.02466   0.03493  0.001143   0.06074         7      1280    0.8723    0.7282    0.7703    0.3463   0.05767    0.1808  0.005135
   268/499     8.74G   0.02428   0.03455  0.001061    0.0599        13      1280    0.7388    0.7861    0.7681    0.3625   0.05737    0.1799  0.005164
   269/499     8.74G   0.02452   0.03447  0.001105   0.06009        36      1280    0.8206    0.7375    0.7569    0.3587   0.05717    0.1789  0.004992
   270/499     8.74G   0.02462   0.03586  0.001102   0.06158         9      1280    0.8279    0.7419     0.753    0.3584   0.05751    0.1804  0.004881
   271/499     8.74G   0.02464   0.03361  0.001152    0.0594        21      1280    0.6833    0.7725    0.7135    0.3369   0.05702    0.1825  0.004842
   272/499     8.74G   0.02464   0.03501  0.001187   0.06083        31      1280    0.8163    0.6957    0.7112    0.3359   0.05654    0.1808  0.004978
   273/499     8.74G   0.02468   0.03501  0.001071   0.06076         9      1280    0.7044    0.7447    0.6986    0.3316    0.0567      0.18  0.005077
   274/499     8.74G   0.02423   0.03466  0.001033   0.05992        10      1280    0.7934    0.7886    0.7743    0.3579    0.0566    0.1792  0.005064
   275/499     8.74G   0.02424   0.03363  0.001043   0.05891         2      1280    0.8465    0.7853    0.7816    0.3659   0.05665    0.1811  0.005058
   276/499     8.74G   0.02449   0.03505  0.001112   0.06065         7      1280    0.8021    0.7325    0.7144    0.3395   0.05679    0.1841  0.005006
   277/499     8.74G   0.02473   0.03625  0.001178   0.06216        44      1280    0.8156    0.7188    0.7276    0.3431    0.0571    0.1865  0.005095
   278/499     8.74G   0.02431   0.03417  0.001026   0.05951         5      1280    0.8108    0.8048    0.8002    0.3672   0.05692    0.1841  0.004989
   279/499     8.74G   0.02423   0.03526  0.001101   0.06059         8      1280    0.7976     0.798    0.7879    0.3569   0.05709    0.1836  0.005139
   280/499     8.74G   0.02432   0.03465 0.0009836   0.05996        16      1280    0.7959    0.8105    0.8045    0.3424   0.05696     0.184  0.005184
   281/499     8.74G   0.02398   0.03426  0.001032   0.05927         2      1280     0.793    0.8066    0.7948    0.3756   0.05678    0.1839   0.00505
   282/499     8.74G   0.02395   0.03405  0.001077   0.05908        20      1280     0.866    0.7698    0.7895    0.3653   0.05642    0.1827  0.004921
   283/499     8.74G   0.02396   0.03383  0.001058   0.05885        11      1280    0.8318    0.7103    0.7218    0.3546   0.05652    0.1811  0.005034
   284/499     8.74G   0.02412   0.03517  0.001113    0.0604         1      1280      0.87    0.7713    0.7911    0.3746   0.05643    0.1832  0.004917
   285/499     8.74G   0.02401   0.03384  0.001001   0.05885         9      1280    0.8609    0.7769    0.7954    0.3901   0.05614     0.183  0.004917
   286/499     8.74G   0.02411   0.03249  0.001066   0.05767        20      1280    0.8675    0.7691    0.7891    0.3833   0.05629    0.1815  0.004905
   287/499     8.74G   0.02443   0.03568  0.001206   0.06132        10      1280    0.8671    0.7642    0.7901    0.3727   0.05668    0.1832  0.004871
   288/499     8.74G   0.02361   0.03395   0.00101   0.05857         5      1280    0.8661    0.7703    0.7952    0.3914   0.05669    0.1832  0.005034
   289/499     8.74G   0.02384   0.03369   0.00114   0.05867         3      1280    0.7886    0.8015      0.79    0.3903   0.05659    0.1853  0.005081
   290/499     8.74G   0.02371   0.03426  0.001107   0.05907        19      1280    0.8647    0.7655    0.7906    0.3817   0.05653    0.1867   0.00504
   291/499     8.74G   0.02392   0.03334  0.001027   0.05828        20      1280    0.8427    0.8001    0.7958    0.3858   0.05678    0.1878  0.004994
   292/499     8.74G   0.02412   0.03434  0.001085   0.05954        16      1280    0.8446    0.7989    0.7982    0.3824   0.05675    0.1889   0.00489
   293/499     8.74G   0.02371    0.0344  0.001101   0.05921        43      1280     0.828    0.8034    0.7964      0.39   0.05663     0.186  0.004739
   294/499     8.74G   0.02359   0.03319 0.0009321   0.05771         5      1280      0.79    0.7613    0.7531    0.3636   0.05647    0.1863  0.004692
   295/499     8.74G   0.02356   0.03403  0.001041   0.05863        19      1280    0.8191    0.7228    0.7491    0.3746   0.05634    0.1842  0.004659
   296/499     8.74G   0.02416   0.03376  0.001058   0.05897        52      1280     0.832    0.7144    0.7445    0.3745   0.05642    0.1827  0.004701
   297/499     8.74G   0.02371   0.03448  0.001018    0.0592        25      1280    0.8264    0.7155    0.7297    0.3541    0.0566     0.183  0.004655
   298/499     8.74G   0.02346   0.03489  0.001054    0.0594        20      1280    0.7996    0.8057    0.7976    0.3665    0.0569    0.1846  0.004793
   299/499     8.74G   0.02412   0.03413   0.00115    0.0594        99      1280    0.7935    0.8118    0.8047     0.365   0.05668    0.1839  0.004941
   300/499     8.74G   0.02381     0.035  0.001055   0.05986         9      1280    0.8485    0.7772    0.7958    0.3805   0.05649    0.1843   0.00501
   301/499     8.74G   0.02368   0.03387  0.001037   0.05859        14      1280    0.8425    0.7783    0.7912    0.3713   0.05655    0.1854  0.005063
   302/499     8.74G    0.0236   0.03345 0.0009876   0.05803        21      1280    0.8573    0.7779    0.7956    0.3694   0.05667    0.1853  0.004942
   303/499     8.74G   0.02339   0.03412 0.0009944    0.0585         1      1280     0.856    0.7855    0.7915    0.3687    0.0569     0.186   0.00495
   304/499     8.74G   0.02352   0.03387  0.001086   0.05847        25      1280    0.8377    0.7904    0.7873     0.361    0.0571    0.1869  0.004898
   305/499     8.74G   0.02323   0.03321 0.0009485   0.05739        21      1280    0.7883    0.7911    0.7751     0.347   0.05701     0.187  0.004746
   306/499     8.74G   0.02337   0.03427  0.001008   0.05865        23      1280    0.7402    0.8287    0.7875    0.3623   0.05658     0.187  0.004642
   307/499     8.74G   0.02301   0.03412 0.0009787    0.0581        77      1280    0.8464     0.793    0.7924    0.3688   0.05655    0.1884  0.004692
   308/499     8.74G    0.0235   0.03329 0.0009706   0.05775        26      1280    0.8409    0.7949    0.7884    0.3716   0.05637      0.19  0.004745
   309/499     8.74G   0.02325   0.03312 0.0009687   0.05734        21      1280    0.8432    0.7938    0.7983    0.3784    0.0562    0.1895  0.004764
   310/499     8.74G   0.02382   0.03458  0.001019   0.05942         8      1280    0.7827    0.8136     0.786    0.3709   0.05649    0.1907  0.004808
   311/499     8.74G   0.02299   0.03312   0.00091   0.05702        26      1280    0.7926    0.8147    0.7921    0.3505   0.05679    0.1917    0.0049
   312/499     8.74G   0.02376   0.03467 0.0009857   0.05941        16      1280    0.8023    0.8086    0.7941    0.3528   0.05686    0.1898  0.005007
   313/499     8.74G    0.0229   0.03385  0.001004   0.05775        11      1280    0.8137    0.7979    0.7888    0.3649   0.05687    0.1895   0.00497
   314/499     8.74G   0.02293     0.032 0.0009379   0.05587        20      1280    0.8048    0.8055    0.7909     0.372   0.05691    0.1867  0.005021
   315/499     8.74G   0.02292   0.03398 0.0009764   0.05787        64      1280    0.7867    0.8117    0.7908    0.3751    0.0567    0.1868  0.004915
   316/499     8.74G   0.02316   0.03422  0.001058   0.05844        32      1280    0.8728    0.7651    0.7914    0.3735   0.05662    0.1872   0.00487
   317/499     8.74G   0.02355   0.03375  0.001031   0.05833         9      1280    0.8756    0.7695     0.799    0.3731   0.05658    0.1875  0.004888
   318/499     8.74G   0.02337    0.0345  0.001076   0.05894        29      1280       0.8    0.8074    0.7979     0.369   0.05682    0.1864   0.00498
   319/499     8.74G   0.02354   0.03313  0.001057   0.05773        19      1280    0.8002    0.8094    0.7973    0.3725   0.05695    0.1862  0.005081
   320/499     8.74G   0.02351   0.03342  0.001081   0.05801        45      1280    0.8131    0.8093    0.7995    0.3778   0.05708    0.1859   0.00513
   321/499     8.74G   0.02319   0.03351  0.001043   0.05774        45      1280    0.8028    0.8111    0.7964    0.3758   0.05716    0.1844  0.005031
   322/499     8.74G   0.02322   0.03396  0.001073   0.05825        26      1280     0.809    0.8088    0.7949    0.3868   0.05683    0.1851  0.004929
   323/499     8.74G   0.02315   0.03415  0.001015   0.05831        57      1280    0.8751    0.7691    0.7952    0.3839   0.05641    0.1865  0.004837
   324/499     8.74G   0.02322   0.03504  0.001066   0.05933        25      1280    0.8777    0.7736    0.7955    0.3898   0.05608    0.1861   0.00478
   325/499     8.74G   0.02311   0.03263 0.0009224   0.05666         4      1280    0.8846    0.7727    0.7942    0.3908   0.05594    0.1883   0.00475
   326/499     8.74G   0.02271   0.03291 0.0009546   0.05657         4      1280    0.8118    0.8198     0.808    0.3905   0.05598    0.1879  0.004793
   327/499     8.74G   0.02305    0.0331 0.0009665   0.05712         4      1280    0.8775    0.7721    0.7944    0.3889   0.05608    0.1866  0.004835
   328/499     8.74G   0.02268   0.03362 0.0009492   0.05726        28      1280    0.8859    0.7683    0.8022    0.3878   0.05606    0.1872  0.004921
   329/499     8.74G   0.02251    0.0326 0.0009247   0.05603        22      1280    0.8827    0.7638     0.797    0.3826   0.05598    0.1866  0.004938
   330/499     8.74G   0.02261   0.03309    0.0009    0.0566        10      1280    0.7964     0.815    0.7998    0.3878   0.05596    0.1868  0.004951
   331/499     8.74G   0.02304   0.03313  0.001074   0.05724        50      1280    0.8039     0.819      0.81    0.3917   0.05595    0.1856  0.004901
   332/499     8.74G   0.02264   0.03287  0.001047   0.05656        10      1280    0.8088    0.8202    0.8087    0.3909   0.05617    0.1861  0.004932
   333/499     8.74G   0.02305   0.03309  0.001051   0.05719        12      1280    0.8704    0.7832    0.8002    0.3943   0.05599     0.187  0.004887
   334/499     8.74G   0.02289   0.03292  0.001028   0.05685        12      1280    0.8744    0.7838     0.801    0.3942   0.05609    0.1871  0.004941
   335/499     8.74G   0.02268   0.03285  0.001041   0.05657       123      1280    0.8745    0.7824    0.7934    0.3874   0.05611    0.1877  0.004981
   336/499     8.74G   0.02256   0.03235  0.001029   0.05594         3      1280    0.8699    0.7773    0.8008    0.3867   0.05609    0.1876  0.005009
   337/499     8.74G   0.02301   0.03401  0.001095   0.05811         2      1280     0.876    0.7715    0.7956    0.3827   0.05633    0.1874  0.005027
   338/499     8.74G   0.02251   0.03304 0.0009521    0.0565        11      1280    0.8695    0.7713    0.7987     0.379   0.05647     0.187  0.005056
   339/499     8.74G   0.02233   0.03242 0.0009105   0.05566         9      1280    0.8654     0.773    0.8004    0.3817   0.05627    0.1864  0.004997
   340/499     8.74G   0.02299   0.03301 0.0009677   0.05696        11      1280    0.8633    0.7781    0.8031    0.3756   0.05597    0.1858  0.004868
   341/499     8.74G   0.02288   0.03303 0.0009855   0.05689        31      1280    0.8648    0.7788    0.7992    0.3727   0.05601    0.1869  0.004816
   342/499     8.74G   0.02274   0.03279 0.0009561   0.05649         7      1280    0.8641    0.7819    0.7984    0.3805   0.05599    0.1873  0.004723
   343/499     8.74G   0.02246   0.03221  0.000888   0.05556         5      1280    0.8629    0.7829    0.8022    0.3935   0.05595    0.1867   0.00474
   344/499     8.74G   0.02271   0.03323  0.001033   0.05697        16      1280    0.8652    0.7847    0.8104    0.3913    0.0558    0.1869  0.004759
   345/499     8.74G    0.0227   0.03373  0.001033   0.05746         0      1280    0.7954    0.8119    0.8079    0.3841   0.05591    0.1866  0.004793
   346/499     8.74G   0.02266    0.0328  0.001027   0.05649        11      1280    0.8657    0.8072    0.8165    0.3943   0.05592    0.1869  0.004825
   347/499     8.74G   0.02236   0.03278 0.0008942   0.05603        16      1280    0.8716    0.8096    0.8154    0.4071   0.05587    0.1867  0.004769
   348/499     8.74G   0.02237   0.03353  0.001015   0.05692        39      1280    0.8747    0.8075    0.8134    0.4045   0.05614    0.1871  0.004765
   349/499     8.74G   0.02268   0.03401  0.001018   0.05771        12      1280    0.8733    0.8048    0.8142    0.3907   0.05636    0.1877   0.00479
   350/499     8.74G   0.02233   0.03387 0.0009602   0.05715        59      1280    0.8753    0.7978    0.8073    0.3895    0.0566    0.1881  0.004857
   351/499     8.74G   0.02273   0.03278 0.0009547   0.05646        31      1280    0.8775    0.8004    0.8091    0.3985   0.05649    0.1863  0.004861
   352/499     8.74G   0.02212   0.03244 0.0009091   0.05547        43      1280    0.8714    0.8018    0.8156    0.3991    0.0565    0.1868   0.00483
   353/499     8.74G   0.02232   0.03259 0.0009738   0.05588        13      1280    0.8711    0.8026    0.8163      0.39   0.05643     0.187   0.00473
   354/499     8.74G   0.02238   0.03245 0.0009772   0.05581        11      1280    0.8756     0.808    0.8186    0.3867   0.05639    0.1877   0.00469
   355/499     8.74G   0.02231   0.03263 0.0008581   0.05579        10      1280    0.8755    0.8042    0.8133    0.3803   0.05628    0.1871  0.004737
   356/499     8.74G   0.02209   0.03277 0.0009213   0.05578        43      1280    0.8662    0.8051    0.8069    0.3809   0.05621    0.1873  0.004726
   357/499     8.74G   0.02235    0.0325 0.0009736   0.05582        14      1280    0.8306    0.8065    0.8008    0.3883   0.05617     0.187  0.004785
   358/499     8.74G    0.0224   0.03266     0.001   0.05607        13      1280    0.8253    0.8082    0.8042     0.384   0.05614    0.1863  0.004767
   359/499     8.74G   0.02191    0.0324 0.0008874    0.0552        40      1280     0.826    0.8084    0.8046    0.3869   0.05593    0.1871  0.004773
   360/499     8.74G   0.02206   0.03239 0.0008742   0.05533         4      1280    0.8961    0.7615    0.7998    0.3889   0.05593    0.1875  0.004772
   361/499     8.74G   0.02182   0.03082 0.0008098   0.05345         9      1280    0.8181     0.806    0.8008    0.3918   0.05609    0.1886  0.004757
   362/499     8.74G   0.02214   0.03153 0.0009082   0.05458        42      1280    0.8235     0.809    0.8013    0.3819    0.0562    0.1896  0.004716
   363/499     8.74G   0.02236   0.03336  0.001022   0.05675        38      1280    0.8263    0.8055    0.8001     0.382   0.05611    0.1897  0.004699
   364/499     8.74G   0.02229   0.03317 0.0008747   0.05633        46      1280    0.8368    0.8037    0.8021    0.3807   0.05609    0.1894  0.004702
   365/499     8.74G   0.02188   0.03216  0.000951   0.05499        31      1280    0.8365    0.8025     0.803    0.3814   0.05612    0.1902  0.004692
   366/499     8.74G   0.02214   0.03451 0.0009729   0.05762        58      1280    0.8302    0.8042    0.8026    0.3794    0.0561    0.1906  0.004645
   367/499     8.74G   0.02196   0.03232 0.0009513   0.05523         4      1280    0.8303    0.8006    0.7999    0.3783   0.05623    0.1902  0.004615
   368/499     8.74G   0.02195   0.03138 0.0009411   0.05427         1      1280    0.8357    0.8022    0.8018    0.3849    0.0561      0.19  0.004602
   369/499     8.74G   0.02223   0.03279  0.000948   0.05597        55      1280    0.8327    0.8057    0.8056    0.3811    0.0559    0.1897  0.004641
   370/499     8.74G   0.02227   0.03238  0.001022   0.05567        10      1280    0.8312    0.8069    0.8076    0.3821    0.0558    0.1892  0.004671
   371/499     8.74G   0.02154   0.03221 0.0008658   0.05461        50      1280    0.8282    0.8067    0.8051    0.3874    0.0558    0.1893  0.004653
   372/499     8.74G   0.02182   0.03175 0.0009418   0.05451         4      1280    0.8257    0.8092    0.8057    0.3888   0.05567    0.1898  0.004599
   373/499     8.74G   0.02194   0.03256   0.00101   0.05551         2      1280    0.8207    0.8097    0.8059    0.3785   0.05561    0.1898  0.004568
   374/499     8.74G   0.02195   0.03298  0.001019   0.05594        88      1280    0.8106     0.811    0.8044    0.3769   0.05552    0.1894  0.004578
   375/499     8.74G   0.02198   0.03154 0.0008903   0.05441         4      1280    0.8045    0.8089    0.8016    0.3803   0.05553    0.1896  0.004575
   376/499     8.74G   0.02173   0.03155 0.0009893   0.05427         6      1280    0.8063    0.8075    0.8013    0.3809   0.05566      0.19   0.00455
   377/499     8.74G   0.02128   0.03188 0.0008586   0.05402         4      1280    0.8122    0.8062    0.8012    0.3804   0.05589    0.1898  0.004523
   378/499     8.74G   0.02206   0.03338 0.0009959   0.05643        19      1280    0.8189     0.805    0.8022    0.3858   0.05603    0.1905    0.0045
   379/499     8.74G    0.0222   0.03266 0.0009566   0.05582         9      1280    0.8257    0.8043    0.8018    0.3797     0.056    0.1904  0.004417
   380/499     8.74G   0.02197   0.03233 0.0009867   0.05529         5      1280    0.8278    0.8025    0.7996    0.3847   0.05595    0.1904  0.004369
   381/499     8.74G   0.02169   0.03171 0.0008868   0.05429        10      1280     0.824    0.8028    0.7995    0.3861   0.05597    0.1906  0.004338
   382/499     8.74G   0.02193   0.03277  0.001032   0.05574        47      1280    0.8189    0.8069    0.8002    0.3773     0.056    0.1909  0.004331
   383/499     8.74G   0.02161   0.03191  0.000969   0.05449        15      1280    0.8195    0.8117    0.8033    0.3772   0.05592    0.1906  0.004325
   384/499     8.74G   0.02165   0.03218 0.0009399   0.05477        27      1280    0.8218    0.8124    0.8047    0.3802   0.05581    0.1904  0.004341
   385/499     8.74G   0.02134   0.03135 0.0008982   0.05359         8      1280    0.8211    0.8103    0.8035    0.3796   0.05581    0.1904  0.004384
   386/499     8.74G   0.02151   0.03224 0.0009429   0.05469         9      1280    0.8218    0.8069    0.8022    0.3793   0.05584    0.1906  0.004416
   387/499     8.74G   0.02193   0.03255 0.0009229    0.0554        39      1280    0.8223    0.8037    0.8003    0.3724   0.05583    0.1903  0.004392
   388/499     8.74G   0.02133   0.03135 0.0009346   0.05361        11      1280    0.8265     0.799     0.799    0.3834   0.05573    0.1905  0.004366
   389/499     8.74G   0.02136   0.03174 0.0008871   0.05399        15      1280    0.8277    0.7974    0.7979    0.3856   0.05551    0.1907  0.004377
   390/499     8.74G   0.02141   0.03132 0.0008051   0.05354        26      1280    0.8269    0.8026    0.8033    0.3839   0.05534    0.1904   0.00439
   391/499     8.74G   0.02122   0.03124 0.0008705   0.05333         6      1280    0.8267    0.8041    0.8042    0.3765   0.05535    0.1898  0.004407
   392/499     8.74G   0.02128   0.03054 0.0009005   0.05272        14      1280    0.8284    0.8043    0.8043    0.3821   0.05531    0.1902  0.004448
   393/499     8.74G   0.02152   0.03231  0.001004   0.05484        88      1280     0.831    0.8005    0.8045    0.3826   0.05522    0.1902  0.004457
   394/499     8.74G   0.02144   0.03181 0.0009846   0.05423        12      1280    0.8324    0.7973    0.8049    0.3851   0.05523    0.1897  0.004447
   395/499     8.74G   0.02152   0.03181 0.0009187   0.05424        22      1280    0.8309    0.8007    0.8064    0.3881   0.05527    0.1891  0.004453
   396/499     8.74G   0.02099   0.03077 0.0008629   0.05262        34      1280    0.8281    0.8024    0.8065    0.3925   0.05533     0.189  0.004475
   397/499     8.74G   0.02153   0.03188 0.0009254   0.05434         1      1280    0.8281    0.8051    0.8075    0.3974   0.05534    0.1892  0.004501
   398/499     8.74G   0.02135   0.03171 0.0008756   0.05394         7      1280    0.8328    0.8064    0.8088    0.3994   0.05534    0.1892  0.004518
   399/499     8.74G   0.02129    0.0323 0.0009809   0.05458        15      1280    0.8319    0.8063    0.8079    0.3952   0.05534    0.1888   0.00453
   400/499     8.74G   0.02138    0.0321 0.0009321   0.05442        26      1280    0.8291    0.8055    0.8066    0.3949   0.05522    0.1894  0.004522
   401/499     8.74G   0.02174    0.0321  0.001008   0.05485        51      1280    0.8307    0.8058    0.8107    0.3965   0.05512    0.1893  0.004533
   402/499     8.74G   0.02124   0.03233 0.0008891   0.05446        45      1280    0.8309    0.8062    0.8107    0.3906   0.05513    0.1892  0.004539
   403/499     8.74G   0.02092   0.03062  0.000792   0.05233         4      1280     0.807    0.8094    0.8086    0.3886   0.05509    0.1891  0.004508
   404/499     8.74G    0.0216   0.03121 0.0008522   0.05367         1      1280    0.9039    0.7513    0.8049    0.3944   0.05514    0.1893  0.004461
   405/499     8.74G    0.0212   0.03189 0.0008946   0.05398         4      1280    0.8271      0.81      0.81    0.3851   0.05532    0.1889  0.004448
   406/499     8.74G   0.02166    0.0319  0.001001   0.05456        47      1280    0.8032    0.8166    0.8132    0.3897   0.05543    0.1885  0.004447
   407/499     8.74G   0.02134   0.03186 0.0008516   0.05406        12      1280     0.801    0.8126     0.807     0.386   0.05549    0.1882  0.004447
   408/499     8.74G    0.0212   0.03213  0.001006   0.05434         4      1280    0.8038    0.8115    0.8062    0.3904   0.05549    0.1885  0.004454
   409/499     8.74G   0.02105   0.03176 0.0008979    0.0537        14      1280     0.835      0.81    0.8124    0.3897   0.05556    0.1888  0.004459
   410/499     8.74G    0.0214   0.03241 0.0008773   0.05469        23      1280    0.8341    0.8076    0.8105    0.3904   0.05559    0.1888   0.00447
   411/499     8.74G   0.02121   0.03156 0.0009991   0.05377        14      1280    0.8305    0.8066    0.8081    0.3941   0.05564    0.1892  0.004479
   412/499     8.74G    0.0213   0.03189 0.0009067   0.05409         5      1280    0.8301    0.8043    0.8066     0.395   0.05554    0.1897  0.004432
   413/499     8.74G   0.02131   0.03201 0.0009791    0.0543        18      1280    0.8362    0.8033    0.8058    0.4068   0.05552    0.1897  0.004422
   414/499     8.74G   0.02129   0.03146  0.000954    0.0537        12      1280    0.8323    0.8038    0.8051    0.4025   0.05549    0.1901  0.004428
   415/499     8.74G   0.02118   0.03127 0.0008627   0.05332         5      1280    0.8074    0.8068    0.8029     0.401   0.05549    0.1902  0.004424
   416/499     8.74G   0.02107   0.03176  0.001012   0.05384        13      1280    0.8084    0.8083    0.8062    0.4013   0.05553      0.19  0.004426
   417/499     8.74G   0.02062   0.03172 0.0008195   0.05316        14      1280    0.8052    0.8084     0.807    0.4013   0.05547    0.1902   0.00441
   418/499     8.74G   0.02072     0.031 0.0008492   0.05257         6      1280    0.8038    0.8069     0.807    0.3999   0.05544    0.1905  0.004401
   419/499     8.74G   0.02109    0.0316 0.0008838   0.05357         8      1280    0.8082    0.8057    0.8079    0.3979   0.05544    0.1907  0.004389
   420/499     8.74G   0.02128    0.0323 0.0009774   0.05456        22      1280    0.8062    0.8065    0.8108    0.3987   0.05546    0.1907   0.00439
   421/499     8.74G   0.02089    0.0316  0.000846   0.05333        61      1280    0.8083    0.8064    0.8103    0.4013   0.05537    0.1905  0.004377
   422/499     8.74G   0.02045   0.03032 0.0008996   0.05166         5      1280    0.8112    0.8078    0.8126    0.4023   0.05537    0.1907  0.004367
   423/499     8.74G   0.02118   0.03067 0.0009239   0.05277         9      1280    0.8372    0.8074    0.8092    0.3947   0.05545    0.1905  0.004385
   424/499     8.74G     0.021   0.03209  0.001022   0.05412        24      1280    0.8401    0.8069     0.809    0.3945    0.0555    0.1904   0.00438
   425/499     8.74G   0.02099   0.03093  0.000856   0.05277         8      1280    0.8363    0.8068    0.8076    0.3943   0.05548    0.1899  0.004374
   426/499     8.74G   0.02073   0.03059 0.0007894   0.05211         1      1280    0.8419    0.8044     0.806    0.3946   0.05553    0.1898  0.004366
   427/499     8.74G   0.02074   0.03107  0.000829   0.05264         6      1280    0.8432    0.8033     0.806     0.391   0.05568      0.19  0.004367
   428/499     8.74G   0.02066   0.03212 0.0008851   0.05366        26      1280    0.8394     0.804    0.8045    0.3908   0.05577    0.1901  0.004375
   429/499     8.74G     0.021   0.03197 0.0009601   0.05393        20      1280    0.8425    0.8066    0.8074    0.3943    0.0557    0.1902  0.004403
   430/499     8.74G   0.02035   0.03131 0.0008558   0.05251        51      1280    0.8416    0.8058    0.8039    0.3924   0.05572    0.1904  0.004439
   431/499     8.74G   0.02068   0.03211 0.0007966   0.05359         8      1280    0.8424    0.8051    0.8049    0.3924   0.05571    0.1903  0.004467
   432/499     8.74G   0.02068   0.03098 0.0008864   0.05255         5      1280    0.8402    0.8039    0.8048    0.3932   0.05568    0.1904  0.004469
   433/499     8.74G   0.02087   0.03186    0.0009   0.05363        10      1280    0.8396    0.8057     0.807    0.3981   0.05568    0.1907   0.00447
   434/499     8.74G    0.0203   0.03084 0.0008052   0.05194        41      1280    0.8421    0.8036    0.8059    0.4006   0.05567    0.1913   0.00447
   435/499     8.74G   0.02078   0.03072  0.000843   0.05234         1      1280    0.8408     0.802    0.8062    0.3997   0.05566    0.1917  0.004471
   436/499     8.74G   0.02043   0.03013 0.0008095   0.05136        31      1280    0.8387    0.8045    0.8062    0.4007   0.05566    0.1919  0.004448
   437/499     8.74G   0.02037   0.03047  0.000792   0.05163        32      1280    0.8372    0.8047    0.8073     0.399   0.05561    0.1921  0.004423
   438/499     8.74G   0.02098   0.03195 0.0008912   0.05383        96      1280    0.8381    0.8062      0.81    0.4042   0.05556    0.1922  0.004409
   439/499     8.74G   0.02075    0.0306 0.0008713   0.05221         5      1280    0.8368    0.8072    0.8102    0.4037   0.05554    0.1921  0.004408
   440/499     8.74G   0.02055   0.03043 0.0007899   0.05178         5      1280    0.8346    0.8083    0.8122    0.4018   0.05553    0.1919  0.004403
   441/499     8.74G   0.02064   0.03033 0.0008391   0.05181        12      1280    0.8354    0.8083    0.8113     0.401   0.05552    0.1918  0.004384
   442/499     8.74G   0.02042   0.03057 0.0008539   0.05184        48      1280    0.8348     0.809    0.8102    0.3996   0.05548    0.1918  0.004375
   443/499     8.74G    0.0208   0.03048 0.0009567   0.05224        10      1280    0.8366    0.8124    0.8201    0.4023   0.05539    0.1917  0.004347
   444/499     8.74G   0.02035    0.0312 0.0008128   0.05236        11      1280    0.8339    0.8106    0.8185    0.3985   0.05536    0.1916  0.004334
   445/499     8.74G   0.02065   0.03117 0.0008664   0.05268        27      1280    0.8933    0.7767    0.8149    0.3964   0.05533    0.1916  0.004327
   446/499     8.74G   0.02026   0.03036 0.0007237   0.05134        17      1280    0.8334    0.8104    0.8164     0.398   0.05526    0.1917  0.004317
   447/499     8.74G   0.02066    0.0305 0.0008954   0.05205         8      1280    0.8374    0.8088    0.8179    0.3975   0.05519    0.1919  0.004306
   448/499     8.74G   0.02044   0.03021 0.0007791   0.05143         6      1280    0.8433     0.808    0.8199    0.3937   0.05513    0.1922   0.00431
   449/499     8.74G   0.02109   0.03113 0.0008991   0.05312        19      1280     0.845    0.8075    0.8163    0.3916   0.05513    0.1923  0.004326
   450/499     8.74G   0.02025   0.02986 0.0008341   0.05095        24      1280    0.8457    0.8071    0.8145    0.3904   0.05514    0.1923  0.004322
   451/499     8.74G   0.02044   0.03061 0.0008392   0.05189         8      1280    0.8468    0.8043    0.8133    0.3915   0.05507    0.1921  0.004301
   452/499     8.74G    0.0206   0.03031 0.0008942   0.05181        32      1280    0.8471    0.8037    0.8087    0.3906   0.05506    0.1921  0.004288
   453/499     8.74G   0.02043   0.03068  0.000815   0.05192        89      1280    0.8436     0.805    0.8114    0.3828   0.05507    0.1918  0.004285
   454/499     8.74G   0.02055   0.03057 0.0008846   0.05201        10      1280     0.844    0.8048    0.8113    0.3828   0.05511    0.1918  0.004284
   455/499     8.74G   0.02058   0.02996  0.000826   0.05137        22      1280    0.8458     0.804    0.8106    0.3904    0.0551    0.1916  0.004273
   456/499     8.74G      0.02   0.03089 0.0008168   0.05171         7      1280    0.8489    0.8034     0.809    0.3963   0.05506    0.1914  0.004264
   457/499     8.74G   0.02039   0.03079  0.000869   0.05205        45      1280    0.8871     0.803    0.8141    0.3929   0.05502    0.1915  0.004259
   458/499     8.74G    0.0205   0.03064 0.0008771   0.05201        70      1280    0.8874    0.8026    0.8141    0.3926   0.05504    0.1915  0.004245
   459/499     8.74G   0.02034   0.03208 0.0008299   0.05325        26      1280    0.8863    0.8031    0.8123    0.3974     0.055    0.1915  0.004243
   460/499     8.74G   0.02043   0.03044 0.0008455   0.05171         6      1280    0.8862    0.8025    0.8121    0.3923   0.05503    0.1913  0.004235
   461/499     8.74G   0.02019    0.0307 0.0008571   0.05175        40      1280    0.8499    0.8036     0.806    0.3899   0.05507    0.1913  0.004243
   462/499     8.74G    0.0203    0.0305 0.0008065   0.05161         9      1280    0.8537     0.803     0.806      0.39   0.05513    0.1911  0.004249
   463/499     8.74G   0.02012   0.03067 0.0008672   0.05166        62      1280    0.8517    0.8031    0.8092    0.3903   0.05512    0.1912  0.004243
   464/499     8.74G   0.02024   0.03129 0.0008427   0.05237         5      1280    0.8499    0.8031    0.8103    0.3914   0.05512    0.1913  0.004232
   465/499     8.74G    0.0206   0.03103 0.0009228   0.05255        44      1280    0.8503    0.8041    0.8115    0.3915   0.05513    0.1915  0.004228
   466/499     8.74G   0.02045   0.03165 0.0008167   0.05292        80      1280    0.8492    0.8056    0.8116    0.3918   0.05512    0.1914  0.004226
   467/499     8.74G   0.02021   0.03155  0.000784   0.05255        44      1280    0.8495    0.8051    0.8108    0.3929   0.05506    0.1915  0.004217
   468/499     8.74G   0.02017    0.0306 0.0008798   0.05165         8      1280    0.8518    0.8044    0.8096    0.3927   0.05506    0.1917  0.004212
   469/499     8.74G   0.02033   0.03107 0.0007742   0.05217        51      1280    0.8508    0.8053    0.8089    0.3928   0.05508    0.1918  0.004205
   470/499     8.74G    0.0201   0.03013 0.0008216   0.05105         4      1280    0.8497    0.8058    0.8097    0.3924   0.05508     0.192  0.004205
   471/499     8.74G   0.01996   0.03013  0.000775   0.05087         7      1280    0.8479    0.8063    0.8097    0.3935   0.05509    0.1922  0.004209
   472/499     8.74G   0.02015   0.03037 0.0008448   0.05136        12      1280    0.8478    0.8067    0.8099    0.3854   0.05513    0.1924  0.004212
   473/499     8.74G   0.02029   0.03044 0.0008089   0.05154        21      1280    0.8486    0.8064     0.811    0.3909   0.05514    0.1924  0.004211
   474/499     8.74G   0.02044   0.03083 0.0008452   0.05211        27      1280    0.8495     0.806    0.8098    0.3917   0.05514    0.1925  0.004211
   475/499     8.74G   0.02026   0.03052 0.0008473   0.05163        37      1280    0.8486    0.8057    0.8096    0.3911   0.05513    0.1927   0.00421
   476/499     8.74G   0.02032    0.0304 0.0007409   0.05146        17      1280    0.8477    0.8055    0.8092    0.3912   0.05515    0.1924  0.004209
   477/499     8.74G   0.02051    0.0308   0.00084   0.05215         2      1280    0.8464    0.8058      0.81    0.3926   0.05513    0.1922  0.004207
   478/499     8.74G   0.02015   0.03075 0.0008928   0.05179         5      1280    0.8443    0.8061    0.8089    0.3928   0.05517    0.1924  0.004202
   479/499     8.74G   0.01973   0.02983 0.0008805   0.05044         6      1280    0.8439    0.8061    0.8089     0.388   0.05517    0.1926  0.004211
   480/499     8.74G   0.02017   0.03053 0.0008381   0.05154        10      1280    0.8431    0.8062    0.8088    0.3884   0.05517    0.1925  0.004216
   481/499     8.74G   0.02028   0.03183 0.0009462   0.05305        31      1280    0.8417    0.8043    0.8086    0.3884   0.05518    0.1924   0.00421
   482/499     8.74G   0.02042   0.03113 0.0009341   0.05248         4      1280    0.8434    0.8056    0.8098    0.3963   0.05513    0.1926  0.004208
   483/499     8.74G   0.02017   0.03047 0.0008575    0.0515        18      1280    0.8438    0.8049    0.8096    0.3974    0.0551    0.1929  0.004203
   484/499     8.74G   0.02017   0.03126  0.000831   0.05227        79      1280    0.8455     0.806    0.8113    0.3996   0.05511    0.1931  0.004202
   485/499     8.74G    0.0201   0.03071 0.0008652   0.05168        21      1280    0.8477    0.8073    0.8123    0.4034   0.05508    0.1932  0.004192
   486/499     8.74G   0.01978    0.0288 0.0008067   0.04938        14      1280    0.8511    0.8083    0.8087    0.3984   0.05502    0.1931  0.004187
   487/499     8.74G   0.02008   0.03073 0.0008075   0.05161        16      1280    0.8495    0.8073     0.807     0.401   0.05501     0.193  0.004188
   488/499     8.74G   0.02005   0.03009 0.0008842   0.05102         9      1280    0.8483    0.8059     0.806    0.4006   0.05503     0.193  0.004191
   489/499     8.74G   0.02007   0.03029 0.0008368    0.0512        27      1280    0.8468    0.8068    0.8049    0.4035   0.05504    0.1933  0.004203
   490/499     8.74G   0.02014   0.03037 0.0008959   0.05141         6      1280    0.8473    0.8069    0.8048    0.4065   0.05507    0.1932   0.00421
   491/499     8.74G   0.02013   0.03088 0.0008192   0.05182        12      1280    0.8468    0.8047    0.8038    0.4062   0.05508     0.193  0.004217
   492/499     8.74G    0.0205   0.03069 0.0008473   0.05203         4      1280    0.8463    0.8032    0.8035    0.4012   0.05512     0.193  0.004225
   493/499     8.74G   0.01984   0.03015 0.0007963   0.05078         9      1280    0.8475    0.8052    0.8051    0.4014   0.05513     0.193  0.004226
   494/499     8.74G      0.02   0.02922 0.0008685   0.05009        64      1280    0.8487    0.8067    0.8068     0.401   0.05514     0.193  0.004229
   495/499     8.74G   0.02019   0.03134 0.0008314   0.05237         2      1280    0.8501    0.8056    0.8067    0.4006   0.05515    0.1931  0.004233
   496/499     8.74G   0.02039   0.03106 0.0008605   0.05232         7      1280    0.8501    0.8064    0.8073       0.4   0.05516    0.1932   0.00424
   497/499     8.74G   0.02011   0.02966 0.0007905   0.05056         6      1280    0.8487    0.8069    0.8068    0.4002   0.05516     0.193   0.00424
   498/499     8.74G   0.01967   0.02996 0.0008242   0.05045        22      1280    0.8476    0.8068    0.8075    0.4006   0.05517     0.193  0.004239
   499/499     8.74G   0.02007   0.02968  0.000823   0.05058        10      1280    0.8475    0.8068    0.8073    0.3998   0.05519    0.1929  0.004238
