2 0.2042857142857143 0.6192857142857143 0.10571428571428572 0.09 49
2 0.42857142857142855 0.5871428571428572 0.11428571428571428 0.07428571428571429 50
0 0.26 0.8635714285714285 0.3342857142857143 0.24142857142857144 53
0 0.8957142857142857 0.15928571428571428 0.20857142857142857 0.31857142857142856 74
0 0.8507142857142858 0.8164285714285714 0.2985714285714286 0.36714285714285716 75
2 0.9678571428571429 0.6635714285714286 0.06428571428571428 0.08714285714285715 83
2 0.915 0.5035714285714286 0.07571428571428572 0.07 103
2 0.9635714285714285 0.58 0.07285714285714286 0.06285714285714286 107
2 0.7764285714285715 0.10357142857142858 0.08142857142857143 0.09571428571428571 110
2 0.9064285714285715 0.375 0.07 0.07285714285714286 112
