0 0.32857142857142857 0.15928571428571428 0.4085714285714286 0.31857142857142856 74
0 0.2292857142857143 0.8164285714285714 0.39 0.36714285714285716 75
2 0.6335714285714286 0.06785714285714285 0.08714285714285715 0.09 77
2 0.7707142857142857 0.05785714285714286 0.08714285714285715 0.09571428571428571 78
2 0.7864285714285715 0.275 0.09 0.08142857142857143 80
2 0.7907142857142857 0.39357142857142857 0.09285714285714286 0.09285714285714286 81
2 0.8035714285714286 0.5478571428571428 0.09571428571428571 0.11 82
2 0.30857142857142855 0.6635714285714286 0.08 0.08714285714285715 83
2 0.9985714285714286 0.6957142857142857 0.002857142857142857 0.12 84
2 0.24785714285714286 0.5035714285714286 0.07571428571428572 0.07 103
2 0.6071428571428571 0.40214285714285714 0.07142857142857142 0.07 104
2 0.6035714285714285 0.3171428571428571 0.08142857142857143 0.07142857142857142 105
2 0.3057142857142857 0.58 0.09142857142857143 0.06285714285714286 107
2 0.10928571428571429 0.10357142857142858 0.08142857142857143 0.09571428571428571 110
2 0.2392857142857143 0.375 0.07 0.07285714285714286 112
