0 0.2621428571428571 0.4614285714285714 0.09571428571428571 0.12 5
0 0.010714285714285714 0.20857142857142857 0.02142857142857143 0.09428571428571429 6
0 0.4928571428571429 0.25642857142857145 0.17142857142857143 0.15 11
0 0.6242857142857143 0.4692857142857143 0.054285714285714284 0.09 12
0 0.7378571428571429 0.4714285714285714 0.07571428571428572 0.1 13
0 0.8142857142857143 0.4607142857142857 0.06 0.11571428571428571 14
0 0.43214285714285716 0.7478571428571429 0.12428571428571429 0.13285714285714287 15
0 0.7 0.7978571428571428 0.11714285714285715 0.06428571428571428 16
0 0.9185714285714286 0.6535714285714286 0.12 0.08428571428571428 17
0 0.88 0.9092857142857143 0.08285714285714285 0.08714285714285715 21
0 0.6785714285714286 0.9428571428571428 0.12571428571428572 0.11428571428571428 22
0 0.38857142857142857 0.9242857142857143 0.09142857142857143 0.11142857142857143 23
0 0.535 0.9657142857142857 0.07571428571428572 0.06857142857142857 24
0 0.8207142857142857 0.17642857142857143 0.09285714285714286 0.11 25
0 0.99 0.22714285714285715 0.02 0.11428571428571428 30
0 0.15142857142857144 0.5171428571428571 0.09142857142857143 0.11142857142857143 32
2 0.4992857142857143 0.38857142857142857 0.09285714285714286 0.07714285714285714 34
2 0.4757142857142857 0.6892857142857143 0.11714285714285715 0.09 37
0 0.56 0.7814285714285715 0.10285714285714286 0.06571428571428571 111
