0 0.5492857142857143 0.43142857142857144 0.23 0.26285714285714284 72
0 0.5514285714285714 0.14785714285714285 0.24285714285714285 0.2957142857142857 73
2 0.005714285714285714 0.06785714285714285 0.011428571428571429 0.09 77
2 0.105 0.05785714285714286 0.08714285714285715 0.09571428571428571 78
2 0.12071428571428572 0.275 0.09 0.08142857142857143 80
2 0.125 0.39357142857142857 0.09285714285714286 0.09285714285714286 81
2 0.13785714285714284 0.5478571428571428 0.09571428571428571 0.11 82
2 0.39357142857142857 0.6957142857142857 0.12428571428571429 0.12 84
2 0.5328571428571428 0.7321428571428571 0.08 0.09 106
2 0.415 0.5964285714285714 0.08714285714285715 0.06714285714285714 114
