0 0.16 0.25642857142857145 0.17142857142857143 0.15 11
0 0.2914285714285714 0.4692857142857143 0.054285714285714284 0.09 12
0 0.405 0.4714285714285714 0.07571428571428572 0.1 13
0 0.48142857142857143 0.4607142857142857 0.06 0.11571428571428571 14
0 0.09928571428571428 0.7478571428571429 0.12428571428571429 0.13285714285714287 15
0 0.36714285714285716 0.7978571428571428 0.11714285714285715 0.06428571428571428 16
0 0.5857142857142857 0.6535714285714286 0.12 0.08428571428571428 17
0 0.8964285714285715 0.6321428571428571 0.13857142857142857 0.11571428571428571 18
0 0.8742857142857143 0.505 0.09428571428571429 0.07857142857142857 20
0 0.5471428571428572 0.9092857142857143 0.08285714285714285 0.08714285714285715 21
0 0.3457142857142857 0.9428571428571428 0.12571428571428572 0.11428571428571428 22
0 0.055714285714285716 0.9242857142857143 0.09142857142857143 0.11142857142857143 23
0 0.20214285714285715 0.9657142857142857 0.07571428571428572 0.06857142857142857 24
0 0.4878571428571429 0.17642857142857143 0.09285714285714286 0.11 25
0 0.9714285714285714 0.48428571428571426 0.05714285714285714 0.08571428571428572 28
0 0.6828571428571428 0.22714285714285715 0.07142857142857142 0.11428571428571428 30
0 0.9307142857142857 0.1957142857142857 0.07571428571428572 0.07714285714285714 31
2 0.16642857142857143 0.38857142857142857 0.09285714285714286 0.07714285714285714 34
2 0.14285714285714285 0.6892857142857143 0.11714285714285715 0.09 37
2 0.9171428571428571 0.4 0.08857142857142856 0.07428571428571429 51
0 0.22714285714285715 0.7814285714285715 0.10285714285714286 0.06571428571428571 111
