2 0.03785714285714286 0.27714285714285714 0.07571428571428572 0.14285714285714285 43
2 0.22714285714285715 0.54 0.15428571428571428 0.13428571428571429 44
2 0.475 0.5028571428571429 0.11 0.09428571428571429 45
2 0.9621428571428572 0.395 0.07571428571428572 0.09571428571428571 46
2 0.9471428571428572 0.6985714285714286 0.10571428571428572 0.09428571428571429 47
0 0.030714285714285715 0.46785714285714286 0.06142857142857143 0.10714285714285714 59
0 0.21785714285714286 0.9 0.24142857142857144 0.2 61
0 0.5207142857142857 0.7535714285714286 0.11285714285714285 0.14142857142857143 62
0 0.695 0.9807142857142858 0.15285714285714286 0.03857142857142857 63
0 0.6421428571428571 0.3457142857142857 0.12428571428571429 0.08 64
0 0.7742857142857142 0.3028571428571429 0.11428571428571428 0.05714285714285714 66
0 0.8371428571428572 0.14142857142857143 0.11714285714285715 0.07428571428571429 67
0 0.9728571428571429 0.5357142857142857 0.054285714285714284 0.14285714285714285 68
