0 0.24214285714285713 0.47214285714285714 0.09285714285714286 0.07571428571428572 3
0 0.03571428571428571 0.4142857142857143 0.07142857142857142 0.12571428571428572 4
0 0.5964285714285714 0.4614285714285714 0.09571428571428571 0.12 5
0 0.31857142857142856 0.20857142857142857 0.07428571428571429 0.09428571428571429 6
0 0.15928571428571428 0.95 0.15 0.1 7
0 0.18285714285714286 0.7942857142857143 0.1 0.13714285714285715 8
0 0.8271428571428572 0.25642857142857145 0.17142857142857143 0.15 11
0 0.9585714285714285 0.4692857142857143 0.054285714285714284 0.09 12
0 0.7664285714285715 0.7478571428571429 0.12428571428571429 0.13285714285714287 15
0 0.9878571428571429 0.7978571428571428 0.024285714285714285 0.06428571428571428 16
0 0.975 0.9428571428571428 0.05 0.11428571428571428 22
0 0.7228571428571429 0.9242857142857143 0.09142857142857143 0.11142857142857143 23
0 0.8692857142857143 0.9657142857142857 0.07571428571428572 0.06857142857142857 24
0 0.4857142857142857 0.5171428571428571 0.09142857142857143 0.11142857142857143 32
2 0.8335714285714285 0.38857142857142857 0.09285714285714286 0.07714285714285714 34
2 0.81 0.6892857142857143 0.11714285714285715 0.09 37
0 0.8942857142857142 0.7814285714285715 0.10285714285714286 0.06571428571428571 111
