0 0.8764285714285714 0.14142857142857143 0.24714285714285714 0.2571428571428571 71
0 0.8821428571428571 0.7642857142857142 0.23 0.26285714285714284 72
0 0.8814285714285715 0.43714285714285717 0.23714285714285716 0.38285714285714284 73
0 0.1 0.4057142857142857 0.2 0.49142857142857144 74
0 0.045714285714285714 0.9828571428571429 0.09142857142857143 0.03428571428571429 75
2 0.28214285714285714 0.21285714285714286 0.11 0.09714285714285714 76
2 0.3007142857142857 0.4007142857142857 0.08714285714285715 0.09 77
2 0.43785714285714283 0.39071428571428574 0.08714285714285715 0.09571428571428571 78
2 0.3985714285714286 0.17214285714285715 0.07428571428571429 0.11 79
2 0.45357142857142857 0.6078571428571429 0.09 0.08142857142857143 80
2 0.45785714285714285 0.7264285714285714 0.09285714285714286 0.09285714285714286 81
2 0.4707142857142857 0.8807142857142857 0.09571428571428571 0.11 82
2 0.007857142857142858 0.9764285714285714 0.015714285714285715 0.047142857142857146 83
2 0.7264285714285714 0.9842857142857143 0.12428571428571429 0.03142857142857143 84
2 0.2742857142857143 0.735 0.07142857142857142 0.07 104
2 0.27071428571428574 0.65 0.08142857142857143 0.07142857142857142 105
2 0.009285714285714286 0.9128571428571428 0.018571428571428572 0.06285714285714286 107
2 0.03571428571428571 0.10285714285714286 0.07142857142857142 0.08571428571428572 113
2 0.7478571428571429 0.9292857142857143 0.08714285714285715 0.06714285714285714 114
