0 0.07214285714285715 0.4714285714285714 0.07571428571428572 0.1 13
0 0.14857142857142858 0.4607142857142857 0.06 0.11571428571428571 14
0 0.04642857142857143 0.7978571428571428 0.09285714285714286 0.06428571428571428 16
0 0.25285714285714284 0.6535714285714286 0.12 0.08428571428571428 17
0 0.5635714285714286 0.6321428571428571 0.13857142857142857 0.11571428571428571 18
0 0.96 0.5621428571428572 0.08 0.06714285714285714 19
0 0.5414285714285715 0.505 0.09428571428571429 0.07857142857142857 20
0 0.21428571428571427 0.9092857142857143 0.08285714285714285 0.08714285714285715 21
0 0.03785714285714286 0.9428571428571428 0.07571428571428572 0.11428571428571428 22
0 0.155 0.17642857142857143 0.09285714285714286 0.11 25
0 0.7542857142857143 0.6135714285714285 0.10285714285714286 0.07571428571428572 26
0 0.8585714285714285 0.6135714285714285 0.09428571428571429 0.09285714285714286 27
0 0.6385714285714286 0.48428571428571426 0.05714285714285714 0.08571428571428572 28
0 0.9192857142857143 0.4135714285714286 0.09857142857142857 0.09571428571428571 29
0 0.35 0.22714285714285715 0.07142857142857142 0.11428571428571428 30
0 0.5978571428571429 0.1957142857142857 0.07571428571428572 0.07714285714285714 31
2 0.9242857142857143 0.32357142857142857 0.12571428571428572 0.10142857142857142 35
2 0.5842857142857143 0.4 0.08857142857142856 0.07428571428571429 51
