0 0.2292857142857143 0.5207142857142857 0.39 0.44142857142857145 75
2 0.7907142857142857 0.060714285714285714 0.09285714285714286 0.09285714285714286 81
2 0.8035714285714286 0.215 0.09571428571428571 0.11 82
2 0.30857142857142855 0.33071428571428574 0.08 0.08714285714285715 83
2 0.9985714285714286 0.3628571428571429 0.002857142857142857 0.12 84
2 0.24785714285714286 0.1707142857142857 0.07571428571428572 0.07 103
2 0.6071428571428571 0.06928571428571428 0.07142857142857142 0.07 104
2 0.6035714285714285 0.01 0.08142857142857143 0.02 105
2 0.3057142857142857 0.24714285714285714 0.09142857142857143 0.06285714285714286 107
2 0.2392857142857143 0.04214285714285714 0.07 0.07285714285714286 112
