0 0.8764285714285714 0.4757142857142857 0.24714285714285714 0.2571428571428571 71
0 0.8821428571428571 0.9835714285714285 0.23 0.032857142857142856 72
0 0.8814285714285715 0.7714285714285715 0.23714285714285716 0.38285714285714284 73
0 0.1 0.74 0.2 0.49142857142857144 74
2 0.28214285714285714 0.5471428571428572 0.11 0.09714285714285714 76
2 0.3007142857142857 0.735 0.08714285714285715 0.09 77
2 0.43785714285714283 0.725 0.08714285714285715 0.09571428571428571 78
2 0.3985714285714286 0.5064285714285715 0.07428571428571429 0.11 79
2 0.45357142857142857 0.9421428571428572 0.09 0.08142857142857143 80
2 0.27071428571428574 0.9742857142857143 0.08142857142857143 0.05142857142857143 105
2 0.03571428571428571 0.43714285714285717 0.07142857142857142 0.08571428571428572 113
