0 0.8821428571428571 0.115 0.23 0.23 72
0 0.045714285714285714 0.5207142857142857 0.09142857142857143 0.44142857142857145 75
2 0.45785714285714285 0.060714285714285714 0.09285714285714286 0.09285714285714286 81
2 0.4707142857142857 0.215 0.09571428571428571 0.11 82
2 0.007857142857142858 0.33071428571428574 0.015714285714285715 0.08714285714285715 83
2 0.7264285714285714 0.3628571428571429 0.12428571428571429 0.12 84
2 0.2742857142857143 0.06928571428571428 0.07142857142857142 0.07 104
2 0.27071428571428574 0.01 0.08142857142857143 0.02 105
2 0.8657142857142858 0.3992857142857143 0.08 0.09 106
2 0.009285714285714286 0.24714285714285714 0.018571428571428572 0.06285714285714286 107
2 0.7478571428571429 0.26357142857142857 0.08714285714285715 0.06714285714285714 114
