0 0.565 0.14142857142857143 0.29 0.2571428571428571 71
0 0.5492857142857143 0.7642857142857142 0.23 0.26285714285714284 72
0 0.5514285714285714 0.43714285714285717 0.24285714285714285 0.38285714285714284 73
2 0.002142857142857143 0.21285714285714286 0.004285714285714286 0.09714285714285714 76
2 0.005714285714285714 0.4007142857142857 0.011428571428571429 0.09 77
2 0.105 0.39071428571428574 0.08714285714285715 0.09571428571428571 78
2 0.06571428571428571 0.17214285714285715 0.07428571428571429 0.11 79
2 0.12071428571428572 0.6078571428571429 0.09 0.08142857142857143 80
2 0.125 0.7264285714285714 0.09285714285714286 0.09285714285714286 81
2 0.13785714285714284 0.8807142857142857 0.09571428571428571 0.11 82
2 0.39357142857142857 0.9842857142857143 0.12428571428571429 0.03142857142857143 84
2 0.415 0.9292857142857143 0.08714285714285715 0.06714285714285714 114
