2 0.2042857142857143 0.9521428571428572 0.10571428571428572 0.09 49
2 0.42857142857142855 0.92 0.11428571428571428 0.07428571428571429 50
0 0.8957142857142857 0.4057142857142857 0.20857142857142857 0.49142857142857144 74
0 0.8507142857142858 0.9828571428571429 0.2985714285714286 0.03428571428571429 75
2 0.9678571428571429 0.9764285714285714 0.06428571428571428 0.047142857142857146 83
2 0.915 0.8364285714285714 0.07571428571428572 0.07 103
2 0.9635714285714285 0.9128571428571428 0.07285714285714286 0.06285714285714286 107
2 0.7764285714285715 0.43642857142857144 0.08142857142857143 0.09571428571428571 110
2 0.9064285714285715 0.7078571428571429 0.07 0.07285714285714286 112
2 1.0 0.10285714285714286 0.0 0.08571428571428572 113
