0 0.07214285714285715 0.13857142857142857 0.07571428571428572 0.1 13
0 0.14857142857142858 0.12785714285714286 0.06 0.11571428571428571 14
0 0.04642857142857143 0.465 0.09285714285714286 0.06428571428571428 16
0 0.25285714285714284 0.32071428571428573 0.12 0.08428571428571428 17
0 0.5635714285714286 0.29928571428571427 0.13857142857142857 0.11571428571428571 18
0 0.96 0.2292857142857143 0.08 0.06714285714285714 19
0 0.5414285714285715 0.17214285714285715 0.09428571428571429 0.07857142857142857 20
0 0.21428571428571427 0.5764285714285714 0.08285714285714285 0.08714285714285715 21
0 0.03785714285714286 0.6207142857142857 0.07571428571428572 0.1357142857142857 22
0 0.7542857142857143 0.2807142857142857 0.10285714285714286 0.07571428571428572 26
0 0.8585714285714285 0.2807142857142857 0.09428571428571429 0.09285714285714286 27
0 0.6385714285714286 0.15142857142857144 0.05714285714285714 0.08571428571428572 28
0 0.9192857142857143 0.08071428571428571 0.09857142857142857 0.09571428571428571 29
2 0.9242857142857143 0.020714285714285713 0.12571428571428572 0.041428571428571426 35
2 0.5842857142857143 0.06714285714285714 0.08857142857142856 0.07428571428571429 51
