2 0.03785714285714286 0.007857142857142858 0.07571428571428572 0.015714285714285715 43
2 0.22714285714285715 0.20714285714285716 0.15428571428571428 0.13428571428571429 44
2 0.475 0.17 0.11 0.09428571428571429 45
2 0.9621428571428572 0.062142857142857146 0.07571428571428572 0.09571428571428571 46
2 0.9471428571428572 0.3657142857142857 0.10571428571428572 0.09428571428571429 47
0 0.030714285714285715 0.135 0.06142857142857143 0.10714285714285714 59
0 0.21785714285714286 0.5778571428571428 0.24142857142857144 0.22142857142857142 61
0 0.5207142857142857 0.4207142857142857 0.11285714285714285 0.14142857142857143 62
0 0.695 0.66 0.15285714285714286 0.06285714285714286 63
0 0.6421428571428571 0.02642857142857143 0.12428571428571429 0.05285714285714286 64
0 0.9728571428571429 0.20285714285714285 0.054285714285714284 0.14285714285714285 68
