0 0.8821428571428571 0.43142857142857144 0.23 0.26285714285714284 72
0 0.8814285714285715 0.14785714285714285 0.23714285714285716 0.2957142857142857 73
0 0.1 0.15928571428571428 0.2 0.31857142857142856 74
0 0.045714285714285714 0.8164285714285714 0.09142857142857143 0.36714285714285716 75
2 0.3007142857142857 0.06785714285714285 0.08714285714285715 0.09 77
2 0.43785714285714283 0.05785714285714286 0.08714285714285715 0.09571428571428571 78
2 0.45357142857142857 0.275 0.09 0.08142857142857143 80
2 0.45785714285714285 0.39357142857142857 0.09285714285714286 0.09285714285714286 81
2 0.4707142857142857 0.5478571428571428 0.09571428571428571 0.11 82
2 0.007857142857142858 0.6635714285714286 0.015714285714285715 0.08714285714285715 83
2 0.7264285714285714 0.6957142857142857 0.12428571428571429 0.12 84
2 0.2742857142857143 0.40214285714285714 0.07142857142857142 0.07 104
2 0.27071428571428574 0.3171428571428571 0.08142857142857143 0.07142857142857142 105
2 0.8657142857142858 0.7321428571428571 0.08 0.09 106
2 0.009285714285714286 0.58 0.018571428571428572 0.06285714285714286 107
2 0.7478571428571429 0.5964285714285714 0.08714285714285715 0.06714285714285714 114
