0 0.15928571428571428 0.2842857142857143 0.15 0.10285714285714286 7
0 0.18285714285714286 0.12714285714285714 0.1 0.13714285714285715 8
0 0.1357142857142857 0.6721428571428572 0.12571428571428572 0.09857142857142857 10
0 0.7664285714285715 0.08071428571428571 0.12428571428571429 0.13285714285714287 15
0 0.9878571428571429 0.13071428571428573 0.024285714285714285 0.06428571428571428 16
0 0.975 0.2864285714285714 0.05 0.1357142857142857 22
0 0.7228571428571429 0.2571428571428571 0.09142857142857143 0.11142857142857143 23
0 0.8692857142857143 0.33785714285714286 0.07571428571428572 0.14714285714285713 24
2 0.81 0.03357142857142857 0.11714285714285715 0.06714285714285714 37
0 0.8942857142857142 0.11428571428571428 0.10285714285714286 0.06571428571428571 111
