0 0.24214285714285713 0.1392857142857143 0.09285714285714286 0.07571428571428572 3
0 0.03571428571428571 0.08142857142857143 0.07142857142857142 0.12571428571428572 4
0 0.5964285714285714 0.12857142857142856 0.09571428571428571 0.12 5
0 0.15928571428571428 0.6185714285714285 0.15 0.10285714285714286 7
0 0.18285714285714286 0.4614285714285714 0.1 0.13714285714285715 8
0 0.1357142857142857 0.9785714285714285 0.12571428571428572 0.04285714285714286 10
0 0.9585714285714285 0.13642857142857143 0.054285714285714284 0.09 12
0 0.7664285714285715 0.415 0.12428571428571429 0.13285714285714287 15
0 0.9878571428571429 0.465 0.024285714285714285 0.06428571428571428 16
0 0.975 0.6207142857142857 0.05 0.1357142857142857 22
0 0.7228571428571429 0.5914285714285714 0.09142857142857143 0.11142857142857143 23
0 0.8692857142857143 0.6721428571428572 0.07571428571428572 0.14714285714285713 24
0 0.4857142857142857 0.18428571428571427 0.09142857142857143 0.11142857142857143 32
2 0.8335714285714285 0.055714285714285716 0.09285714285714286 0.07714285714285714 34
2 0.81 0.35642857142857143 0.11714285714285715 0.09 37
0 0.8942857142857142 0.44857142857142857 0.10285714285714286 0.06571428571428571 111
