2 0.09571428571428571 0.92 0.11428571428571428 0.07428571428571429 50
0 0.6628571428571428 0.4057142857142857 0.4085714285714286 0.49142857142857144 74
0 0.5635714285714286 0.9828571428571429 0.39 0.03428571428571429 75
2 0.9471428571428572 0.21285714285714286 0.10571428571428572 0.09714285714285714 76
2 0.9621428571428572 0.4007142857142857 0.07571428571428572 0.09 77
2 0.6428571428571429 0.9764285714285714 0.08 0.047142857142857146 83
2 0.5821428571428572 0.8364285714285714 0.07571428571428572 0.07 103
2 0.9414285714285714 0.735 0.07142857142857142 0.07 104
2 0.9378571428571428 0.65 0.08142857142857143 0.07142857142857142 105
2 0.64 0.9128571428571428 0.09142857142857143 0.06285714285714286 107
2 0.44357142857142856 0.43642857142857144 0.08142857142857143 0.09571428571428571 110
2 0.5735714285714286 0.7078571428571429 0.07 0.07285714285714286 112
2 0.7028571428571428 0.10285714285714286 0.07142857142857142 0.08571428571428572 113
