0 0.2621428571428571 0.12857142857142856 0.09571428571428571 0.12 5
0 0.6242857142857143 0.13642857142857143 0.054285714285714284 0.09 12
0 0.7378571428571429 0.13857142857142857 0.07571428571428572 0.1 13
0 0.8142857142857143 0.12785714285714286 0.06 0.11571428571428571 14
0 0.43214285714285716 0.415 0.12428571428571429 0.13285714285714287 15
0 0.7 0.465 0.11714285714285715 0.06428571428571428 16
0 0.9185714285714286 0.32071428571428573 0.12 0.08428571428571428 17
0 0.88 0.5764285714285714 0.08285714285714285 0.08714285714285715 21
0 0.6785714285714286 0.6207142857142857 0.12571428571428572 0.1357142857142857 22
0 0.38857142857142857 0.5914285714285714 0.09142857142857143 0.11142857142857143 23
0 0.535 0.6721428571428572 0.07571428571428572 0.14714285714285713 24
0 0.15142857142857144 0.18428571428571427 0.09142857142857143 0.11142857142857143 32
2 0.4992857142857143 0.055714285714285716 0.09285714285714286 0.07714285714285714 34
2 0.4757142857142857 0.35642857142857143 0.11714285714285715 0.09 37
0 0.56 0.44857142857142857 0.10285714285714286 0.06571428571428571 111
