2 0.31214285714285717 0.27714285714285714 0.19285714285714287 0.14285714285714285 43
2 0.56 0.54 0.15428571428571428 0.13428571428571429 44
2 0.8078571428571428 0.5028571428571429 0.11 0.09428571428571429 45
0 0.1 0.23285714285714285 0.10571428571428572 0.12571428571428572 58
0 0.3442857142857143 0.46785714285714286 0.1 0.10714285714285714 59
0 0.2885714285714286 0.5507142857142857 0.08285714285714285 0.10714285714285714 60
0 0.5507142857142857 0.9 0.24142857142857144 0.2 61
0 0.8535714285714285 0.7535714285714286 0.11285714285714285 0.14142857142857143 62
0 0.9757142857142858 0.9807142857142858 0.04857142857142857 0.03857142857142857 63
0 0.9564285714285714 0.3457142857142857 0.08714285714285715 0.08 64
