0 0.135 0.47928571428571426 0.25285714285714284 0.4014285714285714 1
0 0.10571428571428572 0.18642857142857142 0.20285714285714285 0.17 2
0 0.575 0.1392857142857143 0.09285714285714286 0.07571428571428572 3
0 0.3578571428571429 0.08142857142857143 0.09285714285714286 0.12571428571428572 4
0 0.9292857142857143 0.12857142857142856 0.09571428571428571 0.12 5
0 0.49214285714285716 0.6185714285714285 0.15 0.10285714285714286 7
0 0.5157142857142857 0.4614285714285714 0.1 0.13714285714285715 8
0 0.21 0.9892857142857143 0.16285714285714287 0.02142857142857143 9
0 0.4685714285714286 0.9785714285714285 0.12571428571428572 0.04285714285714286 10
0 0.8185714285714286 0.18428571428571427 0.09142857142857143 0.11142857142857143 32
2 0.21785714285714286 0.024285714285714285 0.16142857142857142 0.04857142857142857 33
2 0.07 0.9757142857142858 0.11714285714285715 0.04857142857142857 38
