0 0.2292857142857143 0.29928571428571427 0.13857142857142857 0.11571428571428571 18
0 0.635 0.2292857142857143 0.09857142857142857 0.06714285714285714 19
0 0.20714285714285716 0.17214285714285715 0.09428571428571429 0.07857142857142857 20
0 0.42 0.2807142857142857 0.10285714285714286 0.07571428571428572 26
0 0.5242857142857142 0.2807142857142857 0.09428571428571429 0.09285714285714286 27
0 0.30428571428571427 0.15142857142857144 0.05714285714285714 0.08571428571428572 28
0 0.585 0.08071428571428571 0.09857142857142857 0.09571428571428571 29
2 0.59 0.020714285714285713 0.12571428571428572 0.041428571428571426 35
2 0.8392857142857143 0.25142857142857145 0.13285714285714287 0.08 36
2 0.25 0.06714285714285714 0.08857142857142856 0.07428571428571429 51
