2 0.14214285714285715 0.5028571428571429 0.11 0.09428571428571429 45
2 0.6428571428571429 0.395 0.10285714285714286 0.09571428571428571 46
2 0.6164285714285714 0.6985714285714286 0.11 0.09428571428571429 47
0 0.002857142857142857 0.9 0.005714285714285714 0.2 61
0 0.18785714285714286 0.7535714285714286 0.11285714285714285 0.14142857142857143 62
0 0.36214285714285716 0.9807142857142858 0.15285714285714286 0.03857142857142857 63
0 0.3092857142857143 0.3457142857142857 0.12428571428571429 0.08 64
0 0.7692857142857142 0.20642857142857143 0.12428571428571429 0.07857142857142857 65
0 0.44142857142857145 0.3028571428571429 0.11428571428571428 0.05714285714285714 66
0 0.5042857142857143 0.14142857142857143 0.11714285714285715 0.07428571428571429 67
0 0.6714285714285714 0.5357142857142857 0.11714285714285715 0.14285714285714285 68
