0 0.135 0.8057142857142857 0.25285714285714284 0.38857142857142857 1
0 0.10571428571428572 0.5192857142857142 0.20285714285714285 0.17 2
0 0.575 0.47214285714285714 0.09285714285714286 0.07571428571428572 3
0 0.3578571428571429 0.4142857142857143 0.09285714285714286 0.12571428571428572 4
0 0.9292857142857143 0.4614285714285714 0.09571428571428571 0.12 5
0 0.6514285714285715 0.20857142857142857 0.07428571428571429 0.09428571428571429 6
0 0.49214285714285716 0.95 0.15 0.1 7
0 0.5157142857142857 0.7942857142857143 0.1 0.13714285714285715 8
0 0.8185714285714286 0.5171428571428571 0.09142857142857143 0.11142857142857143 32
2 0.21785714285714286 0.315 0.16142857142857142 0.13285714285714287 33
