0 0.2292857142857143 0.6321428571428571 0.13857142857142857 0.11571428571428571 18
0 0.635 0.5621428571428572 0.09857142857142857 0.06714285714285714 19
0 0.20714285714285716 0.505 0.09428571428571429 0.07857142857142857 20
0 0.42 0.6135714285714285 0.10285714285714286 0.07571428571428572 26
0 0.5242857142857142 0.6135714285714285 0.09428571428571429 0.09285714285714286 27
0 0.30428571428571427 0.48428571428571426 0.05714285714285714 0.08571428571428572 28
0 0.585 0.4135714285714286 0.09857142857142857 0.09571428571428571 29
0 0.025714285714285714 0.22714285714285715 0.05142857142857143 0.11428571428571428 30
0 0.26357142857142857 0.1957142857142857 0.07571428571428572 0.07714285714285714 31
2 0.59 0.32357142857142857 0.12571428571428572 0.10142857142857142 35
2 0.8392857142857143 0.5842857142857143 0.13285714285714287 0.08 36
2 0.25 0.4 0.08857142857142856 0.07428571428571429 51
