2 0.09571428571428571 0.5871428571428572 0.11428571428571428 0.07428571428571429 50
0 0.047142857142857146 0.8635714285714285 0.09428571428571429 0.24142857142857144 53
0 0.6628571428571428 0.15928571428571428 0.4085714285714286 0.31857142857142856 74
0 0.5635714285714286 0.8164285714285714 0.39 0.36714285714285716 75
2 0.9621428571428572 0.06785714285714285 0.07571428571428572 0.09 77
2 0.6428571428571429 0.6635714285714286 0.08 0.08714285714285715 83
2 0.5821428571428572 0.5035714285714286 0.07571428571428572 0.07 103
2 0.9414285714285714 0.40214285714285714 0.07142857142857142 0.07 104
2 0.9378571428571428 0.3171428571428571 0.08142857142857143 0.07142857142857142 105
2 0.64 0.58 0.09142857142857143 0.06285714285714286 107
2 0.44357142857142856 0.10357142857142858 0.08142857142857143 0.09571428571428571 110
2 0.5735714285714286 0.375 0.07 0.07285714285714286 112
