0 0.32857142857142857 0.4057142857142857 0.4085714285714286 0.49142857142857144 74
0 0.2292857142857143 0.9828571428571429 0.39 0.03428571428571429 75
2 0.615 0.21285714285714286 0.11 0.09714285714285714 76
2 0.6335714285714286 0.4007142857142857 0.08714285714285715 0.09 77
2 0.7707142857142857 0.39071428571428574 0.08714285714285715 0.09571428571428571 78
2 0.7314285714285714 0.17214285714285715 0.07428571428571429 0.11 79
2 0.7864285714285715 0.6078571428571429 0.09 0.08142857142857143 80
2 0.7907142857142857 0.7264285714285714 0.09285714285714286 0.09285714285714286 81
2 0.8035714285714286 0.8807142857142857 0.09571428571428571 0.11 82
2 0.30857142857142855 0.9764285714285714 0.08 0.047142857142857146 83
2 0.9985714285714286 0.9842857142857143 0.002857142857142857 0.03142857142857143 84
2 0.24785714285714286 0.8364285714285714 0.07571428571428572 0.07 103
2 0.6071428571428571 0.735 0.07142857142857142 0.07 104
2 0.6035714285714285 0.65 0.08142857142857143 0.07142857142857142 105
2 0.3057142857142857 0.9128571428571428 0.09142857142857143 0.06285714285714286 107
2 0.10928571428571429 0.43642857142857144 0.08142857142857143 0.09571428571428571 110
2 0.2392857142857143 0.7078571428571429 0.07 0.07285714285714286 112
2 0.36857142857142855 0.10285714285714286 0.07142857142857142 0.08571428571428572 113
