0 0.09928571428571428 0.08071428571428571 0.12428571428571429 0.13285714285714287 15
0 0.36714285714285716 0.13071428571428573 0.11714285714285715 0.06428571428571428 16
0 0.5857142857142857 0.014285714285714285 0.12 0.02857142857142857 17
0 0.8964285714285715 0.011428571428571429 0.13857142857142857 0.022857142857142857 18
0 0.5471428571428572 0.24214285714285713 0.08285714285714285 0.08714285714285715 21
0 0.3457142857142857 0.2864285714285714 0.12571428571428572 0.1357142857142857 22
0 0.055714285714285716 0.2571428571428571 0.09142857142857143 0.11142857142857143 23
0 0.20214285714285715 0.33785714285714286 0.07571428571428572 0.14714285714285713 24
2 0.14285714285714285 0.03357142857142857 0.11714285714285715 0.06714285714285714 37
0 0.22714285714285715 0.11428571428571428 0.10285714285714286 0.06571428571428571 111
