0 0.068578 0.175627 0.135704 0.348865
0 0.206096 0.867384 0.187228 0.241338
0 0.719158 0.853644 0.126270 0.290323
0 0.834543 0.883513 0.047896 0.170848
0 0.790639 0.775388 0.021045 0.021505
0 0.795718 0.608722 0.076197 0.087216
0 0.811321 0.530466 0.037736 0.069295
0 0.737663 0.554958 0.032656 0.039427
0 0.612482 0.519713 0.036284 0.088411
0 0.505806 0.725209 0.060958 0.064516
0 0.904209 0.719235 0.014514 0.076464
0 0.517417 0.520908 0.027576 0.059737
0 0.471335 0.507766 0.041364 0.050179
0 0.393687 0.514934 0.019594 0.059737
0 0.354136 0.494026 0.031930 0.046595
0 0.361393 0.661290 0.034833 0.034648
0 0.351959 0.783751 0.029028 0.059737
0 0.287736 0.539427 0.022496 0.037037
0 0.243469 0.542413 0.035559 0.057348
0 0.243106 0.348865 0.039187 0.066906
0 0.171263 0.319594 0.044993 0.051374
0 0.385704 0.235364 0.051524 0.033453
0 0.399855 0.183393 0.034833 0.051374
0 0.405660 0.088411 0.015965 0.043011
0 0.497097 0.158901 0.040639 0.050179
0 0.495283 0.211470 0.023948 0.023895
0 0.483672 0.308841 0.029753 0.032258
0 0.398041 0.353047 0.019594 0.034648
0 0.359216 0.396057 0.014514 0.039427
0 0.460087 0.382318 0.013062 0.021505
0 0.492017 0.376941 0.023222 0.029869
0 0.556241 0.382915 0.022496 0.063321
0 0.612119 0.366786 0.015239 0.040621
0 0.662192 0.346476 0.026851 0.026284
0 0.690131 0.359020 0.015965 0.046595
0 0.750000 0.322581 0.051524 0.097969
0 0.844340 0.304062 0.041364 0.034648
0 0.811684 0.346476 0.025399 0.054958
0 0.812046 0.293907 0.010160 0.050179
0 0.895138 0.466547 0.022496 0.022700
0 0.161466 0.540621 0.039913 0.070490
0 0.074020 0.547790 0.040639 0.046595
0 0.281567 0.372760 0.014514 0.043011
0 0.891509 0.321386 0.019594 0.086022
0 0.948839 0.469534 0.019594 0.023895
0 0.972787 0.486260 0.013788 0.052569
0 0.968070 0.361410 0.018868 0.048984
0 0.954644 0.290920 0.023948 0.037037
0 0.896952 0.236559 0.021771 0.031063
0 0.899129 0.195938 0.014514 0.031063
0 0.896589 0.155914 0.016691 0.029869
0 0.896952 0.121864 0.027576 0.038232
0 0.896226 0.055556 0.020319 0.013142
0 0.902032 0.020311 0.017417 0.038232
0 0.944485 0.017324 0.015239 0.032258
0 0.944485 0.049582 0.015239 0.034648
0 0.950653 0.097969 0.026125 0.047790
0 0.947388 0.139785 0.015239 0.035842
0 0.953193 0.181601 0.022496 0.040621
0 0.954282 0.221027 0.026125 0.038232
0 0.953919 0.692354 0.015239 0.037037
0 0.955370 0.635603 0.015239 0.028674
0 0.955733 0.738949 0.013062 0.044205
0 0.957547 0.789128 0.012337 0.041816
0 0.953919 0.834528 0.019594 0.039427
0 0.993106 0.963560 0.013788 0.056153
0 0.571843 0.234170 0.011611 0.026284
0 0.644412 0.210872 0.018868 0.025090
0 0.543541 0.040621 0.007257 0.016726
0 0.607402 0.229391 0.014514 0.019116
0 0.566763 0.202509 0.017417 0.027479
2 0.228229 0.106930 0.028302 0.051374
2 0.281567 0.027479 0.053701 0.052569
2 0.331277 0.057945 0.025399 0.044205
2 0.438679 0.049582 0.023948 0.048984
2 0.458636 0.100956 0.024673 0.034648
2 0.513425 0.265233 0.018142 0.038232
2 0.319303 0.332139 0.021771 0.026284
2 0.263788 0.442055 0.021045 0.033453
2 0.258345 0.480884 0.017417 0.032258
2 0.201742 0.459976 0.043541 0.086022
2 0.034107 0.418160 0.020319 0.028674
2 0.040639 0.477897 0.043541 0.078853
2 0.081640 0.329152 0.019594 0.037037
2 0.210450 0.083035 0.024673 0.037037
2 0.319303 0.449223 0.033382 0.074074
2 0.312409 0.622461 0.039913 0.059737
2 0.311321 0.571087 0.013062 0.031063
2 0.325109 0.582437 0.015965 0.032258
2 0.369013 0.599164 0.016691 0.025090
2 0.399129 0.606930 0.030479 0.052569
2 0.637881 0.681601 0.042090 0.060932
2 0.592888 0.667264 0.020319 0.041816
2 0.557329 0.451613 0.021771 0.043011
2 0.499637 0.580048 0.016691 0.037037
2 0.651669 0.433094 0.031930 0.070490
2 0.701379 0.403226 0.021045 0.032258
2 0.643687 0.369176 0.015965 0.031063
2 0.459724 0.194743 0.019594 0.043011
2 0.536284 0.100358 0.018868 0.028674
2 0.427794 0.445639 0.057329 0.093190
2 0.442308 0.555556 0.013788 0.031063
2 0.483309 0.459976 0.031930 0.026284
2 0.441582 0.590800 0.015239 0.037037
2 0.531567 0.575866 0.015239 0.028674
2 0.430334 0.746714 0.017417 0.064516
2 0.296081 0.715651 0.027576 0.047790
2 0.197388 0.624851 0.033382 0.045400
2 0.247823 0.645759 0.023948 0.039427
2 0.164006 0.648148 0.027576 0.053763
2 0.098331 0.696535 0.022496 0.050179
2 0.047170 0.724014 0.036284 0.064516
2 0.041727 0.602748 0.025399 0.039427
2 0.063135 0.608124 0.015965 0.038232
2 0.112482 0.483871 0.023222 0.038232
2 0.319666 0.739546 0.012337 0.033453
2 0.786284 0.397252 0.022496 0.027479
2 0.871190 0.399044 0.018142 0.026284
2 0.918360 0.329152 0.013788 0.025090
2 0.935776 0.332736 0.012337 0.034648
2 0.920537 0.209677 0.010885 0.022700
2 0.931060 0.213262 0.010160 0.017921
2 0.932148 0.190562 0.009434 0.017921
2 0.918723 0.166069 0.010160 0.021505
2 0.931422 0.152927 0.010885 0.023895
2 0.922351 0.078256 0.021771 0.032258
2 0.916183 0.028674 0.009434 0.016726
2 0.932148 0.042413 0.009434 0.022700
2 0.891509 0.072282 0.012337 0.020311
2 0.888244 0.091398 0.011611 0.013142
2 0.466981 0.007168 0.023948 0.011947
2 0.562046 0.682198 0.022496 0.031063
2 0.333454 0.146953 0.023948 0.043011
2 0.397678 0.795699 0.021771 0.066906
2 0.890058 0.951613 0.023948 0.037037
2 0.908563 0.900836 0.020319 0.026284
2 0.917271 0.853047 0.018868 0.031063
2 0.923077 0.767622 0.018868 0.029869
2 0.931060 0.706093 0.020319 0.026284
2 0.927068 0.691159 0.018142 0.020311
2 0.929971 0.661888 0.015239 0.016726
2 0.926705 0.635603 0.015965 0.019116
2 0.928157 0.587814 0.027576 0.028674
2 0.923440 0.564516 0.023948 0.022700
2 0.931060 0.531063 0.024673 0.027479
2 0.917997 0.481481 0.013062 0.021505
2 0.966255 0.415771 0.023948 0.035842
2 0.781567 0.448626 0.023222 0.037037
2 0.662192 0.632616 0.018142 0.039427
2 0.607765 0.293907 0.012337 0.026284
