0 0.593560 0.407632 0.139733 0.058977
1 0.516403 0.520815 0.029162 0.019948
2 0.718104 0.800087 0.094775 0.066782
2 0.708384 0.750650 0.092345 0.033825
2 0.730863 0.153079 0.078979 0.061578
2 0.543135 0.157849 0.051033 0.032958
2 0.366950 0.160017 0.048603 0.032090
2 0.608748 0.484822 0.055893 0.034692
2 0.344471 0.314831 0.052248 0.027754
2 0.343256 0.337814 0.040097 0.021683
2 0.110571 0.419341 0.038882 0.026886
2 0.166464 0.418907 0.036452 0.017346
2 0.226610 0.812229 0.040097 0.045967
2 0.273998 0.817433 0.049818 0.051171
2 0.783111 0.150043 0.037667 0.058977
2 0.297691 0.328274 0.034022 0.016479
2 0.267922 0.415872 0.035237 0.019948
2 0.221142 0.425846 0.036452 0.032958
2 0.222965 0.473547 0.054678 0.043365
2 0.224180 0.614484 0.040097 0.019948
2 0.311057 0.614918 0.051033 0.019081
2 0.476306 0.805724 0.041312 0.048569
2 0.227825 0.075455 0.032807 0.026019
2 0.518226 0.082827 0.023086 0.019948
2 0.553463 0.104944 0.044957 0.029488
2 0.472661 0.470078 0.043742 0.036427
2 0.347509 0.270165 0.036452 0.037294
0 0.113609 0.014310 0.117861 0.026886
0 0.266100 0.025152 0.019441 0.048569
0 0.292831 0.024718 0.019441 0.047702
0 0.334143 0.011709 0.048603 0.021683
0 0.432564 0.010841 0.051033 0.019948
0 0.442284 0.082394 0.131227 0.036427
0 0.600851 0.036427 0.054678 0.045100
0 0.599028 0.079792 0.036452 0.032958
0 0.656744 0.085429 0.018226 0.030356
0 0.944714 0.081093 0.059538 0.066782
0 0.966586 0.011275 0.066829 0.020815
0 0.956258 0.226366 0.063183 0.058977
0 0.924058 0.254553 0.059538 0.056375
0 0.891859 0.286644 0.038882 0.042498
0 0.215674 0.367736 0.110571 0.088465
0 0.424058 0.277103 0.116646 0.084128
0 0.561968 0.305724 0.149453 0.101474
0 0.490887 0.349089 0.060753 0.032090
0 0.462940 0.370338 0.136087 0.107546
0 0.329283 0.498699 0.140948 0.130095
0 0.386391 0.660885 0.174970 0.046834
0 0.379101 0.871206 0.104496 0.035559
0 0.452612 0.870772 0.023086 0.050304
0 0.958688 0.529922 0.082625 0.067650
2 0.405832 0.220729 0.024301 0.026886
2 0.684690 0.311362 0.042527 0.034692
2 0.583232 0.237641 0.036452 0.022550
2 0.089307 0.434519 0.025516 0.024284
2 0.969623 0.452732 0.029162 0.019081
2 0.945322 0.427147 0.029162 0.014744
2 0.904617 0.429315 0.035237 0.019081
2 0.958688 0.299219 0.026731 0.017346
2 0.971446 0.271466 0.018226 0.015611
2 0.690158 0.477884 0.075334 0.041631
2 0.360267 0.137467 0.040097 0.018213
2 0.543135 0.137467 0.038882 0.014744
2 0.323815 0.410668 0.027947 0.019948
2 0.356015 0.408933 0.026731 0.016479
