0 0.018333 0.795 0.036667 0.076667
0 0.11 0.713333 0.046667 0.073333
0 0.13 0.651667 0.06 0.056667
2 0.025 0.678333 0.05 0.11
2 0.765 0.446667 0.136667 0.106667
2 0.718333 0.136667 0.07 0.08
2 0.976667 0.56 0.046667 0.08
2 0.716667 0.596667 0.086667 0.086667
2 0.44 0.315 0.08 0.103333
0 0.8 0.228333 0.08 0.183333
0 0.663333 0.275 0.066667 0.09
0 0.896667 0.238333 0.153333 0.083333
0 0.59 0.676667 0.08 0.126667
0 0.681667 0.83 0.063333 0.053333
0 0.938333 0.723333 0.11 0.053333
0 0.75 0.815 0.06 0.063333
2 0.02 0.57 0.04 0.086667
2 0.891667 0.596667 0.076667 0.113333
