0 0.018333 0.595 0.036667 0.076667
0 0.11 0.513333 0.046667 0.073333
0 0.13 0.451667 0.06 0.056667
1 0.025 0.478333 0.05 0.11
1 0.765 0.246667 0.136667 0.106667
1 0.976667 0.36 0.046667 0.08
1 0.716667 0.396667 0.086667 0.086667
1 0.44 0.115 0.08 0.103333
0 0.8 0.06 0.08 0.12
0 0.663333 0.075 0.066667 0.09
0 0.896667 0.04 0.153333 0.08
0 0.59 0.476667 0.08 0.126667
0 0.681667 0.63 0.063333 0.053333
0 0.938333 0.523333 0.11 0.053333
0 0.75 0.615 0.06 0.063333
1 0.02 0.37 0.04 0.086667
1 0.891667 0.396667 0.076667 0.113333
