0 0.983571 0.431429 0.032857 0.262857
0 0.981429 0.147857 0.037143 0.295714
0 0.2 0.159286 0.4 0.318571
0 0.145714 0.816429 0.291429 0.367143
2 0.500714 0.067857 0.087143 0.09
2 0.637857 0.057857 0.087143 0.095714
2 0.653571 0.275 0.09 0.081429
2 0.657857 0.393571 0.092857 0.092857
2 0.670714 0.547857 0.095714 0.11
2 0.175714 0.663571 0.08 0.087143
2 0.926429 0.695714 0.124286 0.12
2 0.115 0.503571 0.075714 0.07
2 0.474286 0.402143 0.071429 0.07
2 0.470714 0.317143 0.081429 0.071429
2 0.172857 0.58 0.091429 0.062857
2 0.008571 0.103571 0.017143 0.095714
2 0.106429 0.375 0.07 0.072857
2 0.947857 0.596429 0.087143 0.067143
