0 0.876429 0.068571 0.247143 0.137143
0 0.882143 0.631429 0.23 0.262857
0 0.881429 0.304286 0.237143 0.382857
0 0.1 0.272857 0.2 0.491429
0 0.045714 0.916429 0.091429 0.167143
2 0.282143 0.08 0.11 0.097143
2 0.300714 0.267857 0.087143 0.09
2 0.437857 0.257857 0.087143 0.095714
2 0.398571 0.047143 0.074286 0.094286
2 0.453571 0.475 0.09 0.081429
2 0.457857 0.593571 0.092857 0.092857
2 0.470714 0.747857 0.095714 0.11
2 0.007857 0.863571 0.015714 0.087143
2 0.726429 0.895714 0.124286 0.12
2 0.274286 0.602143 0.071429 0.07
2 0.270714 0.517143 0.081429 0.071429
2 0.865714 0.932143 0.08 0.09
2 0.009286 0.78 0.018571 0.062857
2 0.035714 0.006429 0.071429 0.012857
2 0.747857 0.796429 0.087143 0.067143
