0 0.395714 0.272857 0.408571 0.491429
0 0.296429 0.916429 0.39 0.167143
2 0.682143 0.08 0.11 0.097143
2 0.700714 0.267857 0.087143 0.09
2 0.837857 0.257857 0.087143 0.095714
2 0.798571 0.047143 0.074286 0.094286
2 0.853571 0.475 0.09 0.081429
2 0.857857 0.593571 0.092857 0.092857
2 0.870714 0.747857 0.095714 0.11
2 0.375714 0.863571 0.08 0.087143
2 0.315 0.703571 0.075714 0.07
2 0.674286 0.602143 0.071429 0.07
2 0.670714 0.517143 0.081429 0.071429
2 0.372857 0.78 0.091429 0.062857
2 0.176429 0.303571 0.081429 0.095714
2 0.306429 0.575 0.07 0.072857
2 0.435714 0.006429 0.071429 0.012857
