     0/999     7.37G   0.07183   0.02583   0.02254    0.1202         0       640  0.001631    0.1184 0.0008892  0.000167   0.09732    0.0321   0.02209
     1/999     7.42G   0.06912   0.02261   0.02226     0.114         3       640 0.0003766   0.04646  0.000136 3.186e-05   0.09442   0.03227    0.0217
     2/999     7.42G   0.06663   0.02237   0.02115    0.1102         0       640   0.00209   0.01626 0.0004394 6.999e-05   0.09311   0.03183   0.02133
     3/999     7.42G   0.06858    0.0218   0.02087    0.1112        13       640   0.00395    0.0218 0.0005483 9.868e-05   0.09883    0.0295   0.02423
     4/999     7.42G   0.06886   0.02255   0.02032    0.1117        14       640  0.003175   0.02681 0.0002947 5.309e-05    0.1016   0.02926   0.02682
     5/999     7.42G   0.06637   0.02317   0.01973    0.1093         2       640  0.001315   0.03833 0.0002633     5e-05    0.1013   0.03063   0.02589
     6/999     7.42G    0.0671   0.02258   0.01955    0.1092         1       640 0.0008752   0.03484 0.0001644 2.896e-05   0.09797   0.06837   0.02199
     7/999     7.42G   0.06668    0.0217    0.0194    0.1078         5       640 0.0005474   0.02207  7.84e-05  1.15e-05    0.1009   0.03172   0.02382
     8/999     7.42G    0.0669   0.02186   0.01935    0.1081        10       640  0.005881   0.01742 0.0009461 0.0001588   0.09882   0.02878   0.02294
     9/999     7.42G   0.06704   0.02372   0.01889    0.1097         5       640   0.01447   0.01742  0.002034 0.0004869   0.09702   0.02966   0.02077
    10/999     7.42G   0.06688   0.02172   0.01867    0.1073         1       640   0.01205   0.02671  0.002753  0.000561   0.09382     0.031   0.02061
    11/999     7.42G   0.06796   0.02281   0.01838    0.1092        41       640    0.3556   0.01626   0.00743  0.002532   0.09742      0.03   0.01911
    12/999     7.42G    0.0673   0.02147   0.01772    0.1065        10       640    0.6719  0.002323 0.0005065 7.313e-05   0.09795   0.02959   0.01917
    13/999     7.42G   0.06572   0.02181   0.01673    0.1043         1       640    0.3502   0.03717  0.009096  0.001634   0.09315   0.02985   0.01915
    14/999     7.42G   0.06487   0.02156   0.01655     0.103         9       640    0.3493    0.1231  0.009827  0.001573   0.08863   0.03012   0.01817
    15/999     7.42G   0.06466   0.02144   0.01617    0.1023        20       640    0.7131   0.06852   0.02972  0.006037   0.08814   0.02907   0.01857
    16/999     7.42G   0.06366   0.02071   0.01629    0.1007         1       640    0.3623   0.09175   0.01834  0.004069   0.08314   0.03074   0.01667
    17/999     7.42G   0.06363   0.02179   0.01536    0.1008         3       640     0.395   0.08479   0.03659  0.008235   0.08558    0.0304     0.018
    18/999     7.42G   0.06362     0.021   0.01531   0.09994         1       640    0.3575   0.06388   0.01603  0.003423   0.08261   0.03242   0.01681
    19/999     7.42G   0.06313   0.02017   0.01507   0.09837         0       640    0.3562    0.2571   0.01573  0.003144   0.08741   0.04409   0.02145
    20/999     7.42G   0.06181   0.02166    0.0143   0.09777        36       640   0.02656   0.06166   0.01128  0.002029   0.09116   0.02965   0.02674
    21/999     7.42G   0.06234    0.0193   0.01384   0.09549         1       640    0.4099    0.2412   0.05005   0.01087   0.08857   0.02959   0.01743
    22/999     7.42G   0.06215   0.01972   0.01391   0.09578         4       640     0.352    0.1045   0.01237  0.002259   0.08671   0.03257   0.01847
    23/999     7.42G   0.06202   0.02231   0.01338   0.09771        14       640    0.4348    0.2156   0.06793   0.01588   0.08678   0.02982   0.01453
    24/999     7.42G   0.06095   0.02033   0.01228   0.09356         6       640    0.3959    0.1303    0.0399  0.009903   0.08711   0.03069   0.01745
    25/999     7.42G   0.06116   0.02057   0.01229   0.09402         1       640    0.7049   0.06969   0.02429  0.004657   0.09036    0.0295   0.01944
    26/999     7.42G   0.06118   0.01881   0.01144   0.09143        14       640    0.7423   0.07433   0.06048   0.01056   0.08845   0.02943   0.01338
    27/999     7.42G   0.06034   0.02071   0.01125    0.0923        44       640    0.4584    0.1007   0.06736   0.01904    0.0859     0.036   0.01547
    28/999     7.42G   0.06043   0.01849   0.01072   0.08965         4       640    0.7731   0.08014   0.07073   0.02104   0.08118   0.03431   0.01367
    29/999     7.42G   0.06052   0.02013   0.01009   0.09074         3       640    0.4051    0.1244   0.07391   0.01315   0.08874   0.03015   0.01388
    30/999     7.42G   0.05897   0.02148  0.009064   0.08952        51       640    0.4762    0.2464    0.1371   0.03096   0.08132   0.03013  0.009933
    31/999     7.42G   0.05888     0.019  0.009038   0.08693         4       640    0.1495    0.3837    0.1306   0.02505   0.08298   0.03177   0.01257
    32/999     7.42G   0.05815   0.02122  0.008844   0.08821         4       640    0.1666    0.4123    0.1587   0.03719   0.08458   0.03174   0.01233
    33/999     7.42G   0.05841   0.01966  0.009373   0.08744         6       640    0.1507    0.3729    0.1597   0.03125    0.0838   0.02979   0.01131
    34/999     7.42G    0.0579   0.02004  0.008527   0.08647         4       640   0.05977    0.1693   0.02985  0.007319    0.1006   0.02879   0.03704
    35/999     7.42G   0.05754   0.02047  0.008239   0.08625         8       640    0.4346    0.1129   0.04789   0.00956    0.0939    0.0324   0.02805
    36/999     7.42G   0.05805   0.02028  0.008565   0.08689         3       640     0.138    0.2865   0.07941   0.01797    0.0843   0.03175   0.01324
    37/999     7.42G     0.057   0.01906  0.008266   0.08433         7       640    0.1487     0.409    0.1367   0.03381   0.07808   0.03307   0.01043
    38/999     7.42G   0.05604   0.01972  0.008105   0.08386         1       640    0.7091    0.2329    0.2494   0.08058    0.0798   0.03042   0.01334
    39/999     7.42G   0.05802   0.01985  0.007431    0.0853         9       640    0.2589    0.3475    0.1838   0.03906   0.08378   0.03057  0.009463
    40/999     7.42G   0.05686    0.0196  0.007325   0.08379         8       640    0.0891    0.4178   0.08301   0.01693   0.08605   0.03046   0.01514
    41/999     7.42G     0.056   0.01976  0.007236   0.08299         5       640    0.3355    0.3441    0.2315   0.06636   0.07949   0.03028  0.007769
    42/999     7.42G   0.05539   0.01936  0.007056   0.08181         2       640    0.2536    0.4034    0.2643   0.07029   0.07677    0.0313   0.00761
    43/999     7.42G   0.05565   0.01884  0.006865   0.08136        10       640    0.3019    0.4035     0.245   0.06863    0.0757   0.03039    0.0076
    44/999     7.42G    0.0563   0.02011  0.006904   0.08331         2       640    0.3111    0.4684    0.3133   0.08584   0.07606   0.02941  0.007562
    45/999     7.42G   0.05602    0.0195  0.007028   0.08254         6       640    0.5477    0.2745    0.2685    0.0804   0.07683    0.0311   0.01231
    46/999     7.42G   0.05513   0.02008  0.006813   0.08203         4       640    0.2514    0.4033    0.1869    0.0397   0.07895   0.03003  0.007059
    47/999     7.42G   0.05503   0.02017  0.006758   0.08196         5       640    0.2472    0.3571    0.2024   0.06227   0.08046   0.03101  0.008283
    48/999     7.42G   0.05627   0.01936  0.007316   0.08294         5       640    0.3537    0.3116    0.2728   0.07648   0.07807   0.03239  0.009491
    49/999     7.42G   0.05553   0.02038  0.006241   0.08215        17       640    0.3889    0.3632    0.2856   0.06807   0.07627   0.03085  0.007886
    50/999     7.42G   0.05326   0.01987  0.006402   0.07954         1       640    0.2269    0.4283    0.2784   0.07563   0.07784   0.03121   0.00836
    51/999     7.42G   0.05481   0.01868  0.006005   0.07949         7       640    0.2435    0.3659    0.2016   0.05382   0.08115   0.03029  0.007773
    52/999     7.42G   0.05429   0.01882  0.006588   0.07969         2       640    0.3953    0.3792    0.2931   0.08862   0.07542   0.03032  0.007434
    53/999     7.42G   0.05373   0.01966  0.006395   0.07979         2       640     0.356    0.4546    0.3429   0.09674   0.07328   0.03133  0.005763
    54/999     7.42G   0.05342    0.0201  0.005752   0.07927        17       640    0.3631    0.4552    0.2757   0.07822   0.07156   0.03306  0.007459
    55/999     7.42G    0.0536   0.01921  0.006048   0.07886         7       640    0.3325    0.4025    0.2858   0.09047   0.07228   0.03287  0.007436
    56/999     7.42G   0.05318    0.0213    0.0059   0.08038        34       640    0.3841    0.5079    0.3585   0.09623   0.07446   0.03028  0.006279
    57/999     7.42G   0.05251   0.01984  0.005703   0.07805         3       640    0.4092    0.3637    0.3098   0.09028   0.07449   0.03266  0.006659
    58/999     7.42G   0.05261   0.02023  0.005586   0.07842        36       640     0.348    0.3904    0.2974   0.08767   0.07555   0.03088  0.007194
    59/999     7.42G   0.05321   0.01878  0.005567   0.07755         9       640    0.4048    0.4665    0.3824    0.1139   0.07081    0.0308  0.005938
    60/999     7.42G   0.05263   0.01839  0.005326   0.07634        11       640    0.4154    0.4453    0.3537    0.1006   0.07084   0.03038    0.0059
    61/999     7.42G   0.05341   0.02004  0.005784   0.07923        16       640     0.446    0.4386    0.4003    0.1326   0.06868   0.03306   0.00591
    62/999     7.42G   0.05297   0.01928   0.00506   0.07731        11       640    0.3601    0.4464     0.356    0.1134   0.07041   0.03119  0.005928
    63/999     7.42G   0.05236   0.01936   0.00508    0.0768         6       640    0.3888     0.498    0.3669    0.1204    0.0712   0.03091  0.005776
    64/999     7.42G   0.05221   0.01871  0.005224   0.07615         1       640    0.4104    0.4024    0.3444   0.09993   0.07287   0.03233  0.006416
    65/999     7.42G   0.05209   0.01963  0.005316   0.07704         6       640    0.3258    0.4702    0.3719    0.1203   0.07129   0.03254  0.006679
    66/999     7.42G   0.05228   0.02028  0.005697   0.07826        41       640    0.3996    0.4998    0.3895    0.1204    0.0698   0.03156  0.005645
    67/999     7.42G   0.05314   0.02029  0.005619   0.07905        29       640    0.1592    0.5152    0.1057   0.02667   0.07285    0.9095   0.01567
    68/999     7.42G   0.05188   0.01934  0.005562   0.07678         3       640    0.1336    0.4733    0.1058   0.02741   0.07272    0.1768   0.02009
    69/999     7.42G   0.05189   0.01939  0.005239   0.07652         3       640    0.2709    0.5288    0.2806    0.0956   0.06953   0.03362  0.007839
    70/999     7.42G    0.0516   0.01984  0.005183   0.07662        13       640    0.4592    0.5021    0.4064    0.1534   0.06734   0.03142  0.005168
    71/999     7.42G    0.0504   0.01904  0.005055    0.0745         1       640    0.3581    0.5166    0.3432    0.1099    0.0719   0.03359  0.006047
    72/999     7.42G   0.05208   0.02015  0.005068    0.0773         7       640    0.4294    0.4866    0.4169    0.1316   0.06905   0.03201   0.00565
    73/999     7.42G   0.05145   0.01948  0.005164   0.07609         3       640    0.4973    0.4978    0.4071    0.1364    0.0683   0.03185  0.005632
    74/999     7.42G   0.05161   0.01926  0.005043   0.07592        25       640    0.4549    0.4952    0.4234    0.1275   0.06967   0.03047  0.005955
    75/999     7.42G   0.05008   0.01912  0.004836   0.07404         5       640     0.391    0.6082     0.471    0.1614   0.06855   0.03072  0.005824
    76/999     7.42G   0.04943   0.01753  0.004488   0.07145         1       640    0.5034    0.4982    0.4558     0.134   0.07066   0.03077  0.006267
    77/999     7.42G   0.05141   0.01969   0.00498   0.07608        51       640    0.3974    0.5787     0.457    0.1383   0.06995   0.03072  0.005909
    78/999     7.42G   0.05074   0.01903  0.004542    0.0743         1       640    0.5136    0.2245     0.209    0.0641    0.0733   0.05102   0.01072
    79/999     7.42G   0.05095    0.0188  0.004987   0.07473         3       640    0.3724    0.4958      0.38    0.1271    0.0699   0.03118  0.006295
    80/999     7.42G     0.051   0.01775  0.004516   0.07327         6       640     0.449    0.5799    0.4977    0.1721   0.06526   0.03212  0.005803
    81/999     7.42G   0.05075   0.01813  0.004575   0.07345         4       640    0.4289    0.4993    0.4377    0.1503   0.06608   0.03163  0.006548
    82/999     7.42G    0.0511   0.01922  0.004795   0.07512        11       640    0.4055    0.5648    0.4735    0.1678    0.0669   0.03112  0.005926
    83/999     7.42G   0.05074   0.01879  0.005269    0.0748         3       640    0.3267     0.556    0.4152    0.1434   0.06954   0.03092  0.006406
    84/999     7.42G   0.04927   0.01932  0.004947   0.07354         4       640      0.45    0.5155    0.4171    0.1192   0.07072   0.03122  0.006552
    85/999     7.42G   0.05026   0.01807  0.004569    0.0729        15       640    0.4202    0.5373    0.4221    0.1527   0.06988   0.03076  0.005837
    86/999     7.42G   0.05006   0.01878  0.004415   0.07326        16       640    0.4507    0.4478       0.4    0.1515   0.06825   0.03084  0.005982
    87/999     7.42G   0.05027   0.01834  0.004663   0.07328         6       640    0.4543    0.6451    0.5357    0.1725   0.06746   0.03038  0.005656
    88/999     7.42G    0.0502   0.01998  0.005394   0.07558        21       640    0.4223    0.5492    0.4536    0.1581   0.06752    0.0339  0.006216
    89/999     7.42G   0.04898   0.01854  0.004197   0.07171         2       640    0.4388    0.5781    0.5407     0.206   0.06639   0.03025  0.005745
    90/999     7.42G   0.04982   0.01969  0.004586   0.07409         3       640    0.4442     0.547    0.5335    0.2124   0.06678   0.03114   0.00524
    91/999     7.42G   0.04876   0.01877  0.004341   0.07188         7       640    0.5209    0.5436    0.5142    0.1796   0.06705   0.03167  0.005227
    92/999     7.42G   0.04886   0.01912  0.004223    0.0722        10       640    0.3867    0.5148    0.4509    0.1613   0.06911   0.03135  0.006575
    93/999     7.42G   0.04852   0.01857   0.00429   0.07138         3       640    0.4191    0.5876    0.5352    0.1914   0.06568   0.03075  0.005449
    94/999     7.42G   0.04876   0.01855   0.00406   0.07137         9       640    0.5399    0.5661    0.5383    0.2054   0.06608   0.03034  0.005865
    95/999     7.42G   0.04759   0.01912   0.00409    0.0708        15       640    0.5485    0.5827    0.5394    0.1986   0.06535    0.0306  0.005877
    96/999     7.42G   0.04872   0.01799  0.004087   0.07079         2       640     0.513    0.4998    0.4589    0.1729   0.06614   0.03362  0.005209
    97/999     7.42G   0.04808   0.01887  0.003655    0.0706        17       640     0.458    0.5674    0.4272    0.1529   0.06981   0.03083  0.006418
    98/999     7.42G   0.04878   0.01823  0.003966   0.07097         4       640    0.4777    0.6297    0.5585    0.1892   0.06758   0.02949  0.005219
    99/999     7.42G   0.04971   0.01889  0.004218   0.07282         1       640      0.53    0.5776    0.5233    0.1932   0.06846   0.02953   0.00528
   100/999     7.42G   0.04849   0.01936  0.004568   0.07242         1       640    0.4361    0.6739    0.5542    0.2203   0.06548   0.02997  0.005449
   101/999     7.42G   0.04901   0.01675  0.004735    0.0705         1       640    0.4719    0.6234    0.5556    0.2142   0.06581   0.03037  0.005556
   102/999     7.42G   0.04786   0.01859  0.003806   0.07025         4       640    0.5072    0.5496    0.4878    0.1811   0.06719   0.03077  0.005872
   103/999     7.42G   0.04841   0.01878  0.004143   0.07133        25       640    0.6046    0.5405     0.533    0.2126   0.06528   0.03026  0.005599
   104/999     7.42G   0.04846   0.01866  0.004186   0.07131        14       640    0.5205    0.5603    0.5124    0.2086   0.06405   0.03329  0.005215
   105/999     7.42G   0.04752   0.01818  0.003913   0.06962         0       640    0.4425    0.6639    0.5861    0.2606   0.06299   0.03054  0.004838
   106/999     7.42G   0.04758   0.01919   0.00419   0.07096        10       640    0.4499    0.6197      0.53    0.2166   0.06527    0.0305  0.005279
   107/999     7.42G   0.04778   0.01899  0.004051   0.07082         0       640    0.5797    0.5898    0.5817    0.2458   0.06459   0.02988  0.005324
   108/999     7.42G   0.04698   0.01827  0.003887   0.06914         2       640    0.6854    0.5635    0.6048    0.2386   0.06448   0.03017  0.005972
   109/999     7.42G   0.04763    0.0187  0.003812   0.07015         3       640    0.6419    0.6031    0.6042    0.2406   0.06476   0.03023  0.005135
   110/999     7.42G   0.04851   0.01814   0.00386   0.07051         5       640    0.6256    0.6687    0.6399    0.2533   0.06282   0.03052  0.004904
   111/999     7.42G   0.04762   0.01773   0.00359   0.06895        15       640    0.7245     0.621    0.6666    0.2669    0.0626   0.02964  0.004943
   112/999     7.42G   0.04804   0.01778  0.003954   0.06977         3       640    0.6166     0.632    0.6186    0.2446   0.06357   0.03113  0.005154
   113/999     7.42G   0.04742   0.01817  0.003864   0.06946         6       640    0.5561    0.6215    0.6203     0.272   0.06251   0.02854  0.005017
   114/999     7.42G   0.04639   0.01879  0.003349   0.06853         8       640    0.5339    0.6672    0.6042    0.2573   0.06279   0.02919  0.005581
   115/999     7.42G   0.04651   0.01846  0.003595   0.06856        30       640     0.523    0.6266    0.5584    0.2457   0.06302   0.02979  0.005441
   116/999     7.42G   0.04686   0.01773  0.003666   0.06826        12       640    0.5428    0.6242     0.602     0.244    0.0641    0.0314  0.005985
   117/999     7.42G   0.04756   0.01811  0.003684   0.06935         1       640    0.4795    0.6583    0.5643    0.2217   0.06355   0.03091  0.005487
   118/999     7.42G   0.04658   0.01743  0.004044   0.06805         2       640    0.5928    0.5632    0.5822     0.216   0.06664    0.0314  0.006641
   119/999     7.42G   0.04658   0.01792  0.003652   0.06816        24       640    0.6483    0.6382    0.6445    0.2901   0.06091   0.02924  0.005095
   120/999     7.42G   0.04584   0.01743  0.003259   0.06653         1       640    0.5623    0.6874     0.664    0.3009   0.06196   0.02971  0.005336
   121/999     7.42G   0.04585   0.01793  0.003845   0.06762         2       640    0.7704      0.58    0.6537    0.3122   0.06186   0.02946  0.005088
   122/999     7.42G   0.04632   0.01864  0.003754   0.06871         7       640    0.7488    0.6158    0.6452     0.283   0.06291   0.02904  0.005001
   123/999     7.42G   0.04572   0.01718  0.003896    0.0668         9       640    0.6254    0.5938    0.6097    0.2743   0.06376   0.03031  0.004941
   124/999     7.42G   0.04616   0.01786  0.003902   0.06793         4       640    0.6495    0.6835     0.694    0.3184   0.06118   0.03044  0.004855
   125/999     7.42G   0.04649   0.01721  0.003658   0.06736         2       640    0.6755    0.5661    0.6003    0.2765   0.06464   0.02971  0.005099
   126/999     7.42G     0.045   0.01763  0.003032   0.06566         3       640      0.68    0.6393    0.6666    0.2999   0.06256   0.03049  0.005222
   127/999     7.42G   0.04625    0.0175  0.003236   0.06699         6       640    0.7658    0.6497    0.7094    0.3199   0.06059   0.02964  0.005262
   128/999     7.42G   0.04621    0.0182  0.003814   0.06822         3       640    0.6694    0.6244    0.6579    0.2821   0.06182      0.03  0.006509
   129/999     7.42G   0.04484   0.01855   0.00361     0.067        10       640    0.5688    0.7148      0.65     0.284   0.06138   0.02979  0.005056
   130/999     7.42G   0.04566   0.01708  0.003671   0.06641        21       640    0.7127    0.7341    0.7389    0.3367   0.05922    0.0296   0.00477
   131/999     7.42G   0.04537   0.01716  0.003382   0.06591         6       640    0.6988    0.6948    0.6871    0.3155   0.06051   0.02964  0.004877
   132/999     7.42G   0.04542   0.01722  0.003738   0.06638         7       640    0.6762    0.6261    0.6261    0.2657   0.06358    0.0304   0.00632
   133/999     7.42G   0.04493   0.01899  0.003675   0.06759         6       640    0.6093     0.633    0.6173    0.2552   0.06445   0.03002  0.008656
   134/999     7.42G   0.04501   0.01738  0.003859   0.06625         1       640    0.6584    0.6282    0.6214    0.2867    0.0611    0.0295  0.005555
   135/999     7.42G   0.04511   0.01745  0.003735    0.0663         8       640    0.7274    0.6715    0.7029    0.3243   0.06047   0.02952  0.005006
   136/999     7.42G    0.0455   0.01755  0.003493   0.06654         2       640    0.5861    0.7013    0.6476    0.2698   0.06348   0.02951  0.006017
   137/999     7.42G   0.04692   0.01797  0.003691   0.06858         4       640     0.846    0.6341    0.7223    0.3347   0.05957   0.03045  0.005784
   138/999     7.42G   0.04576   0.01694  0.003893   0.06659         3       640    0.6331     0.687     0.684    0.3203   0.05988   0.03076  0.005101
   139/999     7.42G   0.04534   0.01781  0.003346    0.0665        15       640    0.7109     0.667    0.7016     0.322   0.06025   0.03052    0.0049
   140/999     7.42G   0.04608   0.01675  0.003775   0.06661        20       640    0.6312    0.6342    0.6377     0.312   0.05963   0.03002  0.004932
   141/999     7.42G   0.04363   0.01688  0.003143   0.06366         0       640     0.709    0.6875    0.6837    0.3165    0.0597   0.02989  0.005137
   142/999     7.42G   0.04444   0.01602   0.00317   0.06362         3       640     0.657    0.6608    0.6741    0.2992   0.06096   0.02998   0.00505
   143/999     7.42G   0.04519   0.01721  0.003938   0.06634         5       640    0.7171    0.7264    0.7244    0.3259    0.0604   0.03023  0.005592
   144/999     7.42G   0.04481   0.01767  0.003293   0.06577        17       640    0.7005    0.6866    0.7223     0.351   0.05991   0.03082  0.005336
   145/999     7.42G   0.04444   0.01732  0.003249   0.06501         6       640    0.7823    0.5975    0.6967    0.3304   0.06141   0.03101  0.006397
   146/999     7.42G   0.04435   0.01767  0.003699   0.06572         1       640    0.7614    0.6424    0.7001     0.313   0.05907   0.03076  0.004874
   147/999     7.42G   0.04416   0.01649  0.003264   0.06391         2       640    0.8151    0.6637    0.7276    0.3505    0.0585   0.02964  0.004962
   148/999     7.42G   0.04591   0.01753  0.003557     0.067         5       640    0.7858      0.62    0.6573     0.318   0.06132   0.02959  0.004916
   149/999     7.42G   0.04482   0.01737  0.003637   0.06582         5       640    0.6928    0.6345    0.6666    0.3215   0.05927    0.0291  0.004859
   150/999     7.42G   0.04385   0.01696  0.003333   0.06414         7       640     0.755    0.7003    0.7372    0.3554   0.05852   0.02986  0.004911
   151/999     7.42G   0.04362   0.01658  0.003011   0.06321        25       640    0.7692    0.6794    0.7279    0.3576   0.05891   0.02975  0.005406
   152/999     7.42G   0.04468   0.01838  0.003096   0.06616         4       640    0.6683    0.6705    0.6466    0.3037   0.06183   0.03154  0.006268
   153/999     7.42G   0.04435   0.01665  0.003304    0.0643         0       640    0.7376    0.6437    0.6627    0.3055   0.06212   0.03033  0.005518
   154/999     7.42G   0.04362   0.01741  0.003108   0.06414         4       640     0.822    0.6428      0.72    0.3346   0.05968   0.03077  0.005294
   155/999     7.42G   0.04363   0.01766  0.003326   0.06461         1       640    0.8814    0.6339    0.7421    0.3728   0.05746   0.03033  0.004882
   156/999     7.42G   0.04341    0.0169  0.003173   0.06348         0       640    0.8477    0.6888    0.7621    0.3753   0.05764   0.02942  0.005074
   157/999     7.42G   0.04262   0.01841  0.003431   0.06447         3       640    0.8339    0.6847    0.7379    0.3729   0.05645   0.03003   0.00514
   158/999     7.42G   0.04395   0.01746  0.003254   0.06467         5       640    0.7314    0.6757    0.6773    0.2951   0.06193   0.03152  0.005335
   159/999     7.42G   0.04248   0.01641  0.002676   0.06156         0       640    0.7826    0.6964    0.7311    0.3443   0.05747   0.02997  0.005673
   160/999     7.42G   0.04278   0.01576  0.003105   0.06165         0       640     0.847    0.7015    0.7746     0.375   0.05684   0.03034  0.004664
   161/999     7.42G   0.04377   0.01596  0.003429   0.06317         3       640    0.7198    0.6841     0.732    0.3589   0.05779   0.03064  0.004611
   162/999     7.42G   0.04214   0.01715  0.003009    0.0623         8       640    0.8203    0.7159    0.7688    0.3945   0.05662   0.03053  0.004568
   163/999     7.42G   0.04282   0.01705  0.003207   0.06307         1       640     0.816    0.7228    0.7771    0.3999   0.05709      0.03  0.005191
   164/999     7.42G   0.04227   0.01729  0.002856   0.06242         1       640    0.8481    0.7543    0.7866    0.3881   0.05534   0.03047  0.005192
   165/999     7.42G   0.04337   0.01709  0.003407   0.06387        15       640    0.8335      0.71    0.7845    0.4099   0.05555   0.03026  0.004968
   166/999     7.42G   0.04236   0.01762  0.003105   0.06308        19       640    0.6601    0.6818    0.6658    0.3232    0.0586   0.03037  0.005269
   167/999     7.42G   0.04394   0.01571   0.00306    0.0627        24       640    0.7889    0.7184     0.762    0.4111   0.05414   0.03108  0.004753
   168/999     7.42G   0.04325   0.01645  0.002938   0.06264         7       640    0.7521    0.6745    0.7041    0.3768   0.05685    0.0303  0.004827
   169/999     7.42G   0.04311   0.01564  0.002998   0.06175         3       640    0.8344    0.6648    0.7338    0.3778   0.05783   0.03009  0.005127
   170/999     7.42G   0.04174   0.01655  0.003108   0.06139         0       640    0.8222    0.7361    0.7792    0.3918   0.05717   0.03029  0.005193
   171/999     7.42G   0.04225   0.01602  0.003149   0.06142        12       640    0.8294    0.7114    0.7742    0.4241   0.05526   0.02977  0.004879
   172/999     7.42G   0.04191   0.01647   0.00279   0.06117         2       640    0.8551    0.6644    0.7566    0.3885   0.05665   0.03035  0.004703
   173/999     7.42G   0.04262   0.01668   0.00325   0.06255         3       640    0.8358     0.718    0.8053    0.4338   0.05708   0.02951  0.004847
   174/999     7.42G    0.0411   0.01625  0.003007   0.06036         6       640    0.8321    0.6843    0.7748    0.3974   0.05834   0.02952  0.005597
   175/999     7.42G   0.04241   0.01687  0.002986   0.06226        13       640    0.7916    0.6663    0.7548    0.3895   0.05813   0.02993  0.005293
   176/999     7.42G   0.04139    0.0166   0.00313   0.06112         1       640    0.8205    0.6383     0.722    0.3769    0.0576   0.02969  0.005306
   177/999     7.42G   0.04182   0.01675  0.003145   0.06171        11       640    0.8097    0.6468    0.7358    0.3996    0.0566   0.02938  0.005229
   178/999     7.42G   0.04252   0.01514  0.003346   0.06101         9       640    0.7294    0.7445    0.7405    0.3728   0.05738   0.03043   0.00535
   179/999     7.42G   0.04243   0.01589  0.003267   0.06159         6       640    0.6647    0.6796    0.6856    0.3671   0.05611   0.03024  0.004771
   180/999     7.42G   0.04366   0.01692  0.003392   0.06397         6       640    0.8003    0.6265    0.7349     0.389   0.05608   0.03027  0.004515
   181/999     7.42G   0.04276   0.01687  0.003221   0.06285         4       640    0.7645    0.7147    0.7685    0.4153   0.05615   0.02908  0.004846
   182/999     7.42G   0.04165   0.01638  0.002973   0.06101        14       640    0.7867    0.7536    0.7946    0.4306   0.05535   0.02879  0.004624
   183/999     7.42G   0.04339   0.01634  0.002699   0.06243         9       640    0.7194    0.7035    0.6876    0.3701   0.05678    0.0298  0.004794
   184/999     7.42G   0.04056   0.01703  0.002806   0.06039         1       640    0.7286    0.7195    0.7344    0.3675   0.05885   0.02985  0.005067
   185/999     7.42G   0.04104   0.01675  0.002932   0.06072         0       640    0.8662    0.6184     0.718    0.3317   0.06219   0.02995   0.00541
   186/999     7.42G   0.04099   0.01618  0.002483   0.05966         4       640    0.8689      0.71     0.789    0.3928   0.05835   0.02972  0.004948
   187/999     7.42G   0.04132   0.01636  0.003154   0.06084         4       640    0.9291    0.6727     0.791    0.4151    0.0568   0.03024  0.005393
   188/999     7.42G   0.04093   0.01602  0.002883   0.05983         0       640    0.8507    0.6899    0.7832    0.3953   0.05599   0.02963  0.004859
   189/999     7.42G   0.04049     0.017  0.002996   0.06048         2       640    0.8635    0.7423    0.8187    0.4608   0.05408   0.02934    0.0049
   190/999     7.42G   0.04124   0.01665  0.002844   0.06073         3       640    0.8957    0.7417    0.8211      0.44    0.0549   0.03084  0.004688
   191/999     7.42G   0.04065   0.01605  0.002718   0.05942        19       640     0.846    0.7151    0.7922    0.4295   0.05353   0.03042  0.004883
   192/999     7.42G   0.04195   0.01798  0.003188   0.06311        15       640    0.8212    0.7045    0.7307    0.4026    0.0541   0.03043  0.004776
   193/999     7.42G   0.04187   0.01559  0.003177   0.06064         1       640    0.8593    0.6776    0.7712    0.4114   0.05558   0.03011  0.005511
   194/999     7.42G   0.04077   0.01664  0.002618   0.06003        10       640    0.8971    0.6728    0.7819    0.4205    0.0554   0.03053  0.005025
   195/999     7.42G   0.04119   0.01641  0.002881   0.06047         4       640    0.8124    0.7725    0.8045    0.4493   0.05401    0.0298  0.004623
   196/999     7.42G   0.04184   0.01613  0.003004   0.06097         4       640    0.8308    0.7118     0.783    0.4231   0.05681   0.02978  0.004884
   197/999     7.42G   0.04099    0.0157  0.003073   0.05977         8       640    0.8549    0.7372    0.7902     0.413   0.05693   0.03032  0.004731
   198/999     7.42G   0.04089   0.01671  0.002942   0.06054        23       640    0.8953     0.742    0.8225    0.4563   0.05356   0.02964  0.004597
   199/999     7.42G   0.04028   0.01609  0.002954   0.05933         0       640     0.879    0.7222    0.8168    0.4545    0.0544   0.02976  0.004605
   200/999     7.42G   0.04042   0.01645  0.002754   0.05962        14       640    0.8511    0.7967    0.8319    0.4772   0.05407   0.03011  0.004911
   201/999     7.42G   0.04185   0.01633  0.002548   0.06073        10       640    0.8815    0.7581    0.8427    0.4746   0.05381   0.02961  0.004723
   202/999     7.42G   0.04086   0.01699  0.003189   0.06104        17       640    0.8891    0.7736    0.8403     0.491   0.05296   0.03028  0.004594
   203/399     7.48G   0.05874   0.04668   0.01562     0.121         3       640    0.7815    0.1677    0.1481   0.04297   0.09041   0.08866   0.01812
   204/399     7.52G   0.05807   0.04074   0.01012    0.1089         7       640    0.3232    0.3162    0.2748   0.09309   0.08131   0.08722   0.01316
   205/399     7.52G   0.05489   0.03795  0.008686    0.1015         0       640    0.3931    0.3619    0.3344    0.1156   0.07913   0.08843   0.01154
   206/399     7.52G   0.05642   0.04591  0.008646     0.111        41       640    0.4409    0.4094    0.3763      0.13   0.07721   0.08925   0.01058
   207/399     7.52G   0.05562   0.04125   0.00696    0.1038         8       640    0.4074    0.4229    0.3834    0.1358   0.07664   0.08983   0.01048
   208/399     7.52G   0.05458   0.03997  0.007863    0.1024         3       640    0.3648    0.4727    0.3975    0.1388   0.07545   0.09036  0.009869
   209/399     7.52G   0.05384   0.03772  0.008679    0.1002         2       640    0.3995    0.4833     0.423    0.1415   0.07486   0.09109   0.01003
   210/399     7.52G   0.05238   0.03778   0.00628   0.09644         0       640    0.3898    0.5035    0.4449    0.1374    0.0748   0.08928   0.01009
   211/399     7.52G   0.05224   0.03812  0.006026   0.09638         2       640    0.4259    0.4835    0.4503    0.1427   0.07442    0.0872  0.009556
   212/399     7.52G   0.05375   0.04275  0.005676    0.1022        41       640    0.4642     0.487    0.4595    0.1521   0.07364   0.08457  0.007967
   213/399     7.52G   0.05223   0.03817  0.005545   0.09594        16       640    0.4568    0.4915    0.4405     0.153   0.07412   0.08526  0.008496
   214/399     7.52G   0.05157   0.03938  0.005552    0.0965         7       640    0.5271    0.4717    0.4619    0.1598   0.07411   0.08666  0.009041
   215/399     7.52G   0.05169   0.03772  0.005244   0.09466        12       640    0.5493    0.4881    0.4777    0.1657   0.07298   0.08488  0.008208
   216/399     7.52G   0.05169   0.04008  0.004938   0.09671        32       640     0.535     0.528    0.4949    0.1683   0.07263   0.08495   0.00882
   217/399     7.52G   0.05067   0.04111  0.004766   0.09654         6       640    0.6317    0.4893    0.5258    0.1987   0.07086   0.08296  0.007665
   218/399     7.52G    0.0512   0.03887  0.004985   0.09506         3       640    0.5644     0.523    0.5239    0.1901   0.07233    0.0828  0.007957
   219/399     7.52G   0.05171   0.04008  0.005362   0.09715        15       640    0.6002    0.5045    0.5261    0.1873   0.07201   0.08467  0.009161
   220/399     7.52G   0.04991   0.03484  0.004885   0.08963         5       640    0.5595    0.5179    0.5093    0.1789   0.07186   0.08617   0.01058
   221/399     7.52G   0.04923   0.03583  0.004448   0.08951         4       640    0.6403    0.5173    0.5357    0.1909   0.07146   0.08406   0.00939
   222/399     7.52G   0.04942   0.03739  0.004385    0.0912         6       640     0.622    0.5376     0.578    0.2108   0.07055   0.08049  0.006611
   223/399     7.52G   0.04999   0.04005  0.005052   0.09509         3       640    0.6467    0.5412    0.5931     0.222   0.07021   0.07953  0.006183
   224/399     7.52G   0.04977   0.04056  0.004655   0.09498        19       640    0.6591    0.5426    0.5823    0.2129   0.07022   0.08104   0.00669
   225/399     7.52G   0.04989   0.03855  0.004652   0.09309        15       640    0.7113    0.5333    0.5982    0.2427   0.06891    0.0823   0.00732
   226/399     7.52G   0.04941   0.03878  0.004816     0.093        15       640    0.7938    0.5065    0.5998    0.2416   0.06876   0.08337  0.008263
   227/399     7.52G   0.04946   0.03895  0.004884    0.0933         5       640    0.7454     0.506    0.5951     0.225   0.06937   0.08255  0.008262
   228/399     7.52G   0.04915   0.03861  0.004002   0.09176         9       640    0.7509     0.526    0.6186    0.2335   0.06879   0.08159  0.007619
   229/399     7.52G   0.05008   0.03547  0.004982   0.09052         7       640    0.7407     0.536    0.6299    0.2457   0.06834   0.08085  0.007254
   230/399     7.52G   0.04871   0.03756  0.004292   0.09056         2       640      0.68    0.5829    0.6393    0.2594   0.06812   0.07966  0.006834
   231/399     7.52G   0.04775   0.03572  0.004245   0.08772         0       640    0.6753    0.5911    0.6406    0.2624   0.06706   0.08046  0.007032
   232/399     7.52G   0.04962   0.03916  0.004584   0.09336         5       640    0.7003    0.5721    0.6265     0.244   0.06752    0.0827  0.007824
   233/399     7.52G   0.04847   0.03925  0.004421   0.09214        26       640    0.7342    0.5574    0.6493    0.2405    0.0676   0.08238  0.007653
   234/399     7.52G   0.04908   0.03744  0.004358   0.09088        20       640    0.6507    0.5983     0.637    0.2457   0.06776   0.08285  0.007663
   235/399     7.52G   0.04836   0.03904  0.004103    0.0915        33       640    0.7587     0.558    0.6498     0.255   0.06717   0.08165  0.007324
   236/399     7.52G   0.04746   0.03743  0.004287   0.08918         7       640    0.7487    0.5897    0.6608    0.2394   0.06657   0.08423  0.008064
   237/399     7.52G   0.04807   0.03695  0.003822   0.08884         5       640    0.7765    0.5812    0.6711     0.254   0.06622   0.08367  0.007498
   238/399     7.52G    0.0468   0.03584  0.003717   0.08636         4       640    0.6687      0.64    0.6582      0.28   0.06646    0.0796  0.005766
   239/399     7.52G   0.04831   0.04022  0.003936   0.09247        39       640    0.7472    0.6077    0.6805    0.2834   0.06641   0.07939  0.005909
   240/399     7.52G    0.0471   0.03552  0.004335   0.08695         2       640     0.712    0.6357    0.6889    0.3009    0.0654   0.08115  0.006486
   241/399     7.52G   0.04678   0.03359  0.003478   0.08385         2       640    0.6863    0.6983    0.6952    0.2864   0.06579   0.08209  0.006662
   242/399     7.52G   0.04621    0.0374  0.003725   0.08733         3       640    0.7021    0.7015    0.7009     0.286   0.06563   0.08169  0.006487
   243/399     7.52G   0.04752   0.03769  0.003684    0.0889        11       640    0.7346    0.6748    0.7062    0.3004   0.06458   0.08192  0.006572
   244/399     7.52G   0.04744   0.03814  0.003981   0.08956         7       640    0.7056    0.6713    0.7062    0.2905   0.06471   0.08297  0.007108
   245/399     7.52G   0.04557   0.03853  0.003722   0.08782         1       640    0.7019    0.6811    0.7085    0.2907   0.06478   0.08207   0.00675
   246/399     7.52G   0.04699   0.03771   0.00396   0.08865        30       640    0.7479    0.6696    0.7146    0.2844   0.06546   0.08116  0.006442
   247/399     7.52G   0.04713   0.03655  0.004156   0.08784        12       640    0.7471    0.6781    0.7193    0.3016   0.06464   0.08061  0.006194
   248/399     7.52G   0.04681   0.03575  0.003529   0.08609        12       640     0.752    0.6792    0.7216    0.2846   0.06527   0.08138  0.006113
   249/399     7.52G   0.04684   0.03455  0.004501   0.08589         2       640    0.7435    0.6766    0.7257    0.3149   0.06457   0.07998   0.00589
   250/399     7.52G   0.04624   0.03629  0.003392   0.08593        42       640    0.7086    0.7003    0.7197    0.3195    0.0642   0.08095  0.006375
   251/399     7.52G   0.04743   0.03801  0.003459    0.0889        36       640    0.7106    0.7234    0.7316    0.3021   0.06421   0.08278  0.006818
   252/399     7.52G   0.04518   0.03293  0.003939   0.08205         4       640    0.7677     0.663    0.7124    0.2888   0.06489   0.08336  0.006904
   253/399     7.52G   0.04514   0.03677  0.003587   0.08549        20       640     0.774    0.6562    0.7083    0.2971   0.06414   0.08298  0.007157
   254/399     7.52G   0.04614   0.04065  0.003805    0.0906        13       640     0.712    0.7366     0.742    0.3283   0.06265   0.08107  0.006682
   255/399     7.52G   0.04527   0.03362  0.003411    0.0823         2       640    0.8215    0.6582    0.7413    0.3189   0.06314   0.08194   0.00712
   256/399     7.52G   0.04654   0.03892   0.00414    0.0896        22       640    0.7705    0.7282    0.7586    0.3319   0.06268   0.08145  0.006813
   257/399     7.52G   0.04652   0.03645  0.003278   0.08625        17       640    0.8506    0.6778    0.7549    0.3262   0.06281   0.08111  0.006552
   258/399     7.52G   0.04522   0.03479   0.00335   0.08335         3       640    0.7736    0.7332     0.752    0.3174   0.06301   0.08119  0.006445
   259/399     7.52G   0.04646   0.04008   0.00353   0.09007        33       640    0.7687     0.723    0.7553    0.3208   0.06253    0.0804  0.006395
   260/399     7.52G   0.04533   0.03612  0.003322   0.08477         9       640    0.8197    0.6798    0.7525    0.3208   0.06225   0.08176  0.006689
   261/399     7.52G   0.04589   0.03677   0.00369   0.08636        12       640    0.8685    0.6748    0.7595    0.3337   0.06232   0.08146  0.006485
   262/399     7.52G   0.04677   0.03763  0.003983   0.08838        14       640    0.7786    0.7254    0.7564    0.3427   0.06222   0.08119  0.006591
   263/399     7.52G   0.04569   0.03893  0.003831   0.08845        36       640    0.8196    0.7188    0.7661    0.3507   0.06201   0.08137  0.006725
   264/399     7.52G   0.04424   0.03519  0.003354   0.08278         3       640    0.8351     0.712    0.7758    0.3581   0.06193   0.08157  0.006668
   265/399     7.52G   0.04458   0.03563  0.003268   0.08348         4       640    0.8255    0.7226    0.7733    0.3614   0.06145   0.08205  0.006619
   266/399     7.52G   0.04476   0.03348  0.003206   0.08144        24       640    0.8344    0.7045    0.7709    0.3563   0.06119   0.08243  0.006843
   267/399     7.52G   0.04526   0.03633  0.003452   0.08505         3       640     0.809    0.7227    0.7747    0.3675   0.06069   0.08171  0.006662
   268/399     7.52G   0.04481   0.03659  0.003805    0.0852        38       640    0.8429      0.72    0.7814    0.3697   0.06078   0.08056  0.006625
   269/399     7.52G   0.04445   0.03908  0.003748   0.08728        46       640    0.8533    0.7191    0.7792    0.3648   0.06102   0.08119  0.006889
   270/399     7.52G   0.04442    0.0394  0.003271   0.08708        47       640    0.8361    0.7182    0.7825    0.3492   0.06118   0.08208  0.006997
   271/399     7.52G   0.04494   0.03643  0.003514   0.08488         6       640    0.8574    0.7146    0.7871    0.3717    0.0604   0.08224  0.006805
   272/399     7.52G   0.04484   0.03448  0.003343   0.08266        12       640    0.8265    0.7397    0.7863    0.3727   0.06078   0.08239  0.006678
   273/399     7.52G   0.04475   0.03291  0.003459   0.08112         4       640    0.8738    0.6829     0.781    0.3641   0.06101   0.08158  0.006487
   274/399     7.52G   0.04396   0.03695  0.003207   0.08412        58       640    0.8731     0.711    0.7895    0.3817   0.06036    0.0802   0.00637
   275/399     7.52G   0.04395   0.03372  0.003472   0.08115         7       640     0.866    0.7143    0.7857    0.3675   0.06051   0.08245    0.0068
   276/399     7.52G   0.04421   0.03523  0.003223   0.08267         9       640    0.9068    0.6767    0.7836    0.3764   0.06004   0.08142  0.006382
   277/399     7.52G   0.04595   0.03644  0.003344   0.08574        50       640    0.8669    0.6964    0.7803    0.3641   0.06022   0.08185   0.00652
   278/399     7.52G    0.0441   0.03862  0.002992   0.08572        52       640    0.8237    0.7244    0.7851    0.3652   0.06053   0.08166  0.006325
   279/399     7.52G   0.04392   0.03314  0.003228   0.08028         1       640    0.8407     0.693    0.7675    0.3435   0.06167   0.08185  0.006251
   280/399     7.52G   0.04454     0.035   0.00352   0.08305        13       640    0.8234    0.7228    0.7846    0.3633   0.06073   0.08103  0.006575
   281/399     7.52G   0.04377   0.03609  0.003166   0.08303         9       640    0.8367     0.708     0.786    0.3787   0.06061   0.07952  0.006333
   282/399     7.52G   0.04293   0.03458  0.003131   0.08064         8       640    0.8447    0.7183    0.7845    0.3877    0.0603   0.08018   0.00652
   283/399     7.52G   0.04306    0.0348  0.002925   0.08078         6       640    0.8449    0.7262    0.7917    0.3764   0.05993   0.08057  0.006408
   284/399     7.52G   0.04377   0.03096   0.00285   0.07758        34       640    0.8067    0.7565    0.7908    0.3608   0.06046   0.08119   0.00617
   285/399     7.52G   0.04503    0.0367  0.003354   0.08508        19       640    0.8617    0.7177    0.7974    0.3734   0.06018   0.08113  0.006215
   286/399     7.52G   0.04465   0.03452  0.003552   0.08273        14       640    0.8211    0.7634    0.8018    0.3715   0.06023   0.08123  0.006477
   287/399     7.52G   0.04464   0.03338  0.003275    0.0813         6       640    0.8741     0.718    0.8084    0.4001   0.05936   0.08029  0.006218
   288/399     7.52G   0.04303    0.0337  0.002967    0.0797         4       640    0.8417    0.7564    0.8062    0.3988    0.0594   0.08056  0.006155
   289/399     7.52G   0.04264   0.03644  0.002854   0.08193        32       640    0.8434    0.7583    0.8063    0.3785   0.05998   0.08135  0.006358
   290/399     7.52G   0.04334   0.03589  0.003227   0.08245         5       640    0.8708    0.7396    0.8062    0.3838   0.05981   0.08033  0.006085
   291/399     7.52G   0.04294   0.03268  0.002985    0.0786        13       640    0.8579    0.7594    0.8125    0.3938   0.05978   0.08007  0.006143
   292/399     7.54G   0.04471   0.03775  0.003066   0.08552        85       640    0.8573    0.7633    0.8157     0.399   0.05958   0.07955  0.006221
   293/399     7.54G   0.04365    0.0346  0.003221   0.08147        19       640    0.8969    0.7408    0.8135    0.3986   0.05931    0.0803  0.006174
   294/399     7.54G   0.04413   0.03362  0.003208   0.08096         4       640    0.8788    0.7557    0.8162    0.4198   0.05897    0.0799  0.005959
   295/399     7.54G    0.0436   0.03565  0.003392   0.08264         6       640    0.8957     0.748     0.818    0.4208   0.05844   0.07932  0.005918
   296/399     7.54G   0.04272   0.03455     0.003   0.08027         7       640    0.8744     0.743    0.8154    0.4226   0.05849   0.07913  0.005862
   297/399     7.54G   0.04344   0.03777  0.003709   0.08492        45       640    0.8827    0.7396    0.8192    0.4154   0.05825   0.08085  0.006248
   298/399     7.54G   0.04044   0.03176  0.002755   0.07496         7       640    0.8812     0.748    0.8137    0.3909   0.05908   0.08209   0.00656
   299/399     7.54G   0.04239   0.03667  0.003473   0.08253        33       640    0.8549     0.768    0.8147    0.3963   0.05892   0.08148  0.006359
   300/399     7.54G   0.04262   0.03318  0.003061   0.07886         8       640    0.8732    0.7394    0.8181    0.3937   0.05892   0.08201  0.006393
   301/399     7.54G   0.04263   0.03578  0.003317   0.08173         2       640    0.8412    0.7724    0.8174    0.3906   0.05924   0.08168  0.006281
   302/399     7.54G   0.04391   0.03458  0.002982   0.08147        33       640    0.8957    0.7378    0.8192    0.4039   0.05851   0.08169  0.006293
   303/399     7.54G   0.04235    0.0312  0.003318   0.07687        21       640    0.8767    0.7557    0.8223    0.3914   0.05863   0.08195  0.006388
   304/399     7.54G    0.0419   0.03382  0.002677   0.07839        20       640    0.9065    0.7476     0.824      0.41   0.05845   0.08088  0.006104
   305/399     7.54G   0.04344   0.03627   0.00315   0.08285        25       640    0.9265    0.7382     0.823    0.4237   0.05838   0.08009  0.006012
   306/399     7.54G   0.04306   0.03403  0.003271   0.08035        25       640    0.8674    0.7595    0.8227    0.4303   0.05784   0.07981   0.00605
   307/399     7.54G   0.04257   0.03491  0.003076   0.08056        11       640    0.8934    0.7446    0.8243    0.4237   0.05823   0.07993  0.006084
   308/399     7.54G   0.04193   0.03499  0.003139   0.08005        44       640    0.8905    0.7442    0.8246    0.4086   0.05851   0.08043  0.006446
   309/399     7.54G   0.04141    0.0336  0.002984     0.078         6       640    0.8582    0.7682    0.8214    0.3968   0.05867   0.08165  0.006724
   310/399     7.54G   0.04243   0.03504  0.002942   0.08041        31       640    0.8943    0.7378    0.8276    0.4048   0.05841   0.08185  0.006468
   311/399     7.54G   0.04258   0.03293   0.00295   0.07846        10       640    0.8835    0.7362    0.8253    0.4093   0.05822   0.08236  0.006381
   312/399     7.54G   0.04262   0.03322  0.002591   0.07843        48       640    0.8396     0.778     0.831    0.4328   0.05732   0.08076  0.006118
   313/399     7.54G   0.04289    0.0333  0.003141   0.07933         1       640    0.8323    0.7828    0.8235    0.4336   0.05786   0.08008  0.006011
   314/399     7.54G   0.04318   0.02986  0.002973   0.07602        12       640    0.8867    0.7378    0.8215    0.4407   0.05741   0.07973  0.005734
   315/399     7.54G    0.0418    0.0345  0.003055   0.07936        31       640    0.8453    0.7849     0.826    0.4278   0.05758   0.08161  0.005927
   316/399     7.54G    0.0421   0.03397  0.003033   0.07911        17       640    0.9099    0.7294    0.8251    0.4215   0.05757   0.08225  0.006071
   317/399     7.54G   0.04243   0.03403  0.003253   0.07972         3       640     0.876    0.7666    0.8295    0.4267   0.05719   0.08236   0.00614
   318/399     7.54G   0.04159   0.03244  0.002779   0.07681        13       640     0.908    0.7411    0.8318    0.4151   0.05744   0.08268  0.006025
   319/399     7.54G   0.04016   0.03386  0.003038   0.07706         0       640     0.874    0.7752    0.8336    0.4075   0.05797   0.08254  0.006104
   320/399     7.54G   0.04239   0.03493  0.002945   0.08026        34       640     0.861    0.7829    0.8385    0.4325   0.05732   0.08094  0.005875
   321/399     7.54G   0.04249   0.03647  0.003043     0.082        49       640    0.8677    0.7849    0.8404    0.4303   0.05747   0.08077  0.005921
   322/399     7.54G   0.04138   0.03178  0.002779   0.07593        15       640    0.8752    0.7812    0.8398     0.434   0.05701   0.08104  0.005899
   323/399     7.54G   0.04194   0.03275  0.002964   0.07765         9       640    0.8862    0.7645    0.8385    0.4322   0.05709   0.08161  0.005955
   324/399     7.54G     0.042   0.03327  0.003128    0.0784         8       640     0.887    0.7728    0.8438    0.4375   0.05721   0.08192  0.006002
   325/399     7.54G    0.0414   0.03572  0.002795   0.07992        66       640    0.8906    0.7662    0.8408    0.4486   0.05676   0.08201  0.006064
   326/399     7.54G   0.04149   0.03178  0.002991   0.07626         1       640    0.8722    0.7782    0.8401    0.4466   0.05656   0.08188  0.006017
   327/399     7.54G   0.04214   0.03434  0.003058   0.07954        14       640    0.8794    0.7774    0.8387    0.4395   0.05691   0.08161  0.006098
   328/399     7.54G   0.04144   0.03134  0.003094   0.07587         5       640    0.8774    0.7764    0.8415    0.4332   0.05702   0.08139  0.005993
   329/399     7.54G   0.04161   0.03198   0.00282   0.07641        19       640    0.8864    0.7708    0.8436    0.4414   0.05681     0.081  0.005912
   330/399     7.54G   0.04065   0.03442  0.003112   0.07818         9       640    0.8796     0.778    0.8437    0.4391   0.05682   0.08142   0.00599
   331/399     7.54G   0.04264   0.03268  0.002515   0.07783        11       640    0.8894     0.773    0.8456    0.4478   0.05668   0.08049  0.005864
   332/399     7.54G   0.04085   0.03345  0.002884   0.07718        81       640    0.8799    0.7836    0.8446    0.4431   0.05698   0.08108  0.005939
   333/399     7.54G    0.0408   0.03181  0.002691    0.0753        17       640    0.8659    0.7934    0.8402    0.4443   0.05667    0.0815  0.005999
   334/399     7.54G   0.04111   0.03539  0.002594    0.0791        74       640    0.9012    0.7696    0.8413    0.4448   0.05671   0.08127  0.005974
   335/399     7.54G   0.04095   0.03248  0.002928   0.07636        14       640    0.8998    0.7731    0.8391    0.4329   0.05677   0.08201   0.00624
   336/399     7.54G   0.03991   0.03368  0.002751   0.07634         0       640     0.892    0.7763    0.8417     0.437   0.05676   0.08201  0.006218
   337/399     7.54G   0.03986   0.03083  0.003093   0.07379         6       640    0.8954    0.7765    0.8426    0.4401   0.05665   0.08179  0.006151
   338/399     7.54G   0.04189   0.03395  0.002853   0.07869         7       640    0.8797    0.7832    0.8433    0.4403   0.05674   0.08117  0.006038
   339/399     7.54G   0.04156   0.03471  0.002867   0.07914        28       640    0.8611    0.7899     0.842    0.4442   0.05658   0.08067  0.005882
   340/399     7.54G    0.0385   0.03111  0.002489    0.0721         0       640    0.8775    0.7832    0.8431    0.4416    0.0566   0.08141  0.005982
   341/399     7.54G   0.04129   0.03363     0.003   0.07792        18       640     0.889    0.7875    0.8467    0.4463   0.05622   0.08199  0.006069
   342/399     7.54G   0.04133   0.03428   0.00279   0.07841        27       640    0.8832     0.793    0.8504    0.4566   0.05598   0.08131  0.006013
   343/399     7.54G   0.04125   0.03589  0.002793   0.07994        39       640    0.8772    0.7965    0.8445    0.4663   0.05568   0.08125  0.006009
   344/399     7.54G   0.04182   0.03413  0.002768   0.07872        83       640    0.8874    0.7897    0.8442    0.4541   0.05563   0.08211  0.006052
   345/399     7.54G   0.04137   0.03279  0.002707   0.07686         9       640    0.8853    0.7927    0.8475    0.4545   0.05549   0.08224  0.006001
   346/399     7.54G   0.04112   0.03265  0.002981   0.07675         2       640    0.8848    0.7849    0.8513    0.4648   0.05523   0.08092  0.005813
   347/399     7.54G   0.04114   0.03359  0.002749   0.07748        15       640    0.8576    0.7959    0.8478    0.4573   0.05561   0.08068  0.005931
   348/399     7.54G   0.03991   0.03357  0.002661   0.07614        40       640    0.8686    0.7945    0.8473    0.4673   0.05531   0.08082  0.005786
   349/399     7.54G   0.04164   0.03362  0.003299   0.07856        12       640    0.8749    0.8101    0.8461    0.4703   0.05566   0.08144   0.00577
   350/399     7.54G     0.042   0.03157  0.003172   0.07674         2       640     0.879    0.8117    0.8521    0.4664   0.05544   0.08151  0.005662
   351/399     7.54G   0.04132   0.03219  0.002949   0.07645         6       640    0.8844    0.7999    0.8511    0.4635   0.05529   0.08125  0.005683
   352/399     7.54G   0.04075   0.03201  0.002689   0.07545         6       640    0.8737    0.8159    0.8541    0.4547   0.05586   0.08153  0.005893
   353/399     7.54G   0.04063   0.03612  0.002624   0.07938        20       640    0.8884    0.8068    0.8561    0.4621    0.0557   0.08066  0.005801
   354/399     7.54G   0.04025   0.03338  0.002685   0.07631         6       640    0.8826    0.7949    0.8536    0.4709   0.05545   0.08012   0.00571
   355/399     7.54G   0.04134   0.03455  0.002681   0.07856        13       640    0.8996    0.7999    0.8567    0.4562    0.0557   0.08153  0.006034
   356/399     7.54G   0.03962   0.03086  0.002499   0.07298         7       640    0.8682    0.8134     0.854    0.4554   0.05569   0.08216   0.00607
   357/399     7.54G   0.03855   0.03157  0.002532   0.07265         0       640    0.8703    0.8148    0.8571    0.4658   0.05556   0.08121  0.005768
   358/399     7.54G   0.03933   0.03033  0.002587   0.07225        11       640    0.9032     0.793    0.8604    0.4649   0.05559   0.08159  0.005766
   359/399     7.54G   0.04086   0.03359   0.00308   0.07753        20       640    0.9072    0.7965    0.8598    0.4589   0.05566   0.08184  0.005828
   360/399     7.54G   0.04082   0.03341  0.002764     0.077        22       640    0.8979    0.7898    0.8564    0.4526   0.05579   0.08128  0.005771
   361/399     7.54G   0.04037    0.0321  0.002788   0.07527         6       640    0.8826    0.7999    0.8583    0.4472   0.05602   0.08114  0.005787
   362/399     7.54G   0.04212   0.03645  0.003138   0.08171        15       640    0.9005    0.7907    0.8572    0.4451    0.0562   0.08148  0.005908
   363/399     7.54G   0.03916   0.03081  0.002591   0.07256         4       640    0.9039    0.7929    0.8565    0.4525   0.05594   0.08166  0.006008
   364/399     7.54G   0.04068   0.03184   0.00286   0.07538        75       640    0.8742    0.8114    0.8548    0.4407    0.0565   0.08202  0.006094
   365/399     7.54G   0.03972   0.02995  0.002755   0.07242        15       640     0.902    0.7983    0.8588    0.4485   0.05614   0.08189   0.00596
   366/399     7.54G   0.03909   0.03081  0.002445   0.07234         4       640    0.9042    0.7978    0.8619    0.4641   0.05518    0.0829  0.005928
   367/399     7.54G    0.0405   0.03028  0.002844   0.07362        12       640    0.9094    0.7881    0.8581    0.4645   0.05516   0.08309  0.005942
   368/399     7.54G   0.04094   0.03605  0.002888   0.07987        13       640    0.9066    0.7909    0.8577    0.4691   0.05509   0.08177  0.005722
   369/399     7.54G   0.04084   0.03071  0.003149    0.0747         3       640     0.904    0.7841    0.8547    0.4686   0.05517   0.08144  0.005668
   370/399     7.54G   0.04113   0.03405  0.002704   0.07788        15       640    0.9012    0.7932    0.8587    0.4499    0.0556   0.08159  0.005713
   371/399     7.54G   0.04033   0.03284   0.00309   0.07626        26       640    0.9062    0.7856    0.8591    0.4575   0.05551   0.08156  0.005781
   372/399     7.54G   0.03898    0.0349  0.002531   0.07641         1       640    0.8884    0.7964    0.8548    0.4593   0.05555   0.08139  0.005743
   373/399     7.54G   0.04047   0.03469  0.002755   0.07792        32       640      0.89    0.7967    0.8577    0.4662   0.05539   0.08127   0.00575
   374/399     7.54G   0.03947   0.03222  0.002753   0.07444         0       640    0.8688      0.81    0.8578    0.4666   0.05557   0.08122  0.005773
   375/399     7.54G   0.03733   0.03026  0.002383   0.06997         0       640    0.9182    0.7697     0.858    0.4678   0.05548    0.0816  0.005756
   376/399     7.54G    0.0403    0.0322  0.002483   0.07499        22       640    0.8888    0.7949    0.8568    0.4719   0.05548   0.08118  0.005713
   377/399     7.54G   0.04004    0.0315  0.002513   0.07406        33       640    0.8954    0.7932    0.8583    0.4661   0.05586    0.0814  0.005701
   378/399     7.54G   0.04056    0.0304   0.00274    0.0737         8       640    0.9237    0.7682    0.8544    0.4589   0.05593   0.08182  0.005633
   379/399     7.54G   0.03942   0.03235  0.002517   0.07429        15       640    0.8784    0.8051    0.8597    0.4685   0.05547   0.08154  0.005579
   380/399     7.54G   0.03947   0.03509  0.002592   0.07714        63       640    0.8479    0.8103    0.8552    0.4652   0.05587   0.08101  0.005629
   381/399     7.54G   0.03989   0.03219  0.002498   0.07457         5       640    0.8986    0.7681    0.8542    0.4623   0.05582   0.08113  0.005657
   382/399     7.54G   0.04076   0.03409  0.002833   0.07769        20       640    0.8625    0.7982    0.8609    0.4663   0.05541   0.08126  0.005577
   383/399     7.54G   0.04012   0.03097  0.002484   0.07357         2       640    0.8668    0.8018    0.8608    0.4774   0.05501   0.08124   0.00553
   384/399     7.54G   0.04081   0.02999  0.002759   0.07356         5       640    0.8702    0.7947    0.8579    0.4827    0.0549   0.08169  0.005504
   385/399     7.54G    0.0413   0.03319  0.002847   0.07733         3       640    0.8566    0.8203    0.8613     0.484   0.05497   0.08118  0.005449
   386/399     7.54G    0.0399   0.03398  0.002896   0.07677         3       640    0.8584    0.8102     0.859    0.4812   0.05486   0.08108  0.005524
   387/399     7.54G   0.04026   0.03036  0.002768   0.07339        44       640    0.8509    0.8229     0.858    0.4749   0.05494   0.08178  0.005724
   388/399     7.54G   0.04041   0.03429  0.002497   0.07719        14       640     0.836    0.8186    0.8548    0.4781   0.05478   0.08159  0.005747
   389/399     7.54G   0.04059   0.03291   0.00264   0.07614         2       640    0.8444    0.8018    0.8539    0.4732   0.05503   0.08099  0.005799
   390/399     7.54G      0.04    0.0313  0.002532   0.07383        11       640     0.856    0.7884    0.8516    0.4614   0.05562   0.08092  0.005843
   391/399     7.54G   0.03735   0.02923  0.002385   0.06896         1       640    0.8423    0.8087    0.8517    0.4648   0.05545   0.08151  0.005792
   392/399     7.54G   0.03857   0.03107  0.002443   0.07208         4       640      0.89    0.7813    0.8504    0.4741   0.05497   0.08194  0.005743
   393/399     7.54G   0.03992   0.03175   0.00264   0.07432        27       640    0.8938    0.7994    0.8625    0.4822   0.05484    0.0813  0.005621
   394/399     7.54G   0.03923    0.0325  0.002569   0.07429         9       640     0.885     0.822    0.8654    0.4827   0.05482   0.08134  0.005423
   395/399     7.54G   0.04046   0.03509  0.002956   0.07851        49       640    0.8924    0.8133    0.8638    0.4827   0.05468   0.08115  0.005349
   396/399     7.54G   0.03995   0.03238  0.002527   0.07486         9       640    0.8803    0.8235    0.8671    0.4808   0.05455   0.08161  0.005421
   397/399     7.54G   0.04165   0.03256  0.002736   0.07695        42       640    0.8928    0.8047    0.8626    0.4806   0.05461   0.08186  0.005632
   398/399     7.54G   0.04037   0.03344  0.002499   0.07631        28       640    0.8662    0.8219    0.8588    0.4694   0.05481   0.08165  0.005743
   399/399     7.54G   0.03876   0.02925   0.00318   0.07118         3       640    0.8802    0.8086    0.8618    0.4667   0.05496   0.08141  0.005695
