     0/199     1.52G   0.07167   0.04802   0.03137    0.1511       156       640  0.002599   0.04997 0.0006468 0.0001034   0.09893    0.1209   0.03156
     1/199     1.57G   0.06764   0.05292   0.02808    0.1486       223       640  0.003795   0.02973  0.001161 0.0001773   0.09719    0.1252   0.03214
     2/199     1.58G   0.06526   0.05278   0.02444    0.1425       164       640    0.5938   0.00818  0.005611  0.001391   0.08871    0.1328   0.02479
     3/199     1.58G   0.06335   0.05518   0.02154    0.1401       179       640    0.4509   0.04784   0.01116  0.003086   0.09036    0.1256   0.02305
     4/199     1.58G   0.06191    0.0522   0.01922    0.1333       123       640    0.3212     0.139   0.02815  0.006128   0.08839    0.1231   0.02128
     5/199     1.58G   0.06037   0.05346   0.01728    0.1311       107       640    0.4771   0.09377   0.03521  0.008237   0.08951    0.1195   0.01962
     6/199     1.58G    0.0584   0.05184   0.01519    0.1254       116       640    0.8307    0.1138    0.1032    0.0295   0.08237    0.1251   0.01778
     7/199     1.58G   0.05761   0.05277   0.01347    0.1238       204       640    0.6918    0.1209     0.107   0.02829   0.08168    0.1341    0.0179
     8/199     1.59G   0.05657   0.05183   0.01216    0.1206       204       640    0.8909     0.139     0.155   0.03785    0.0801    0.1273   0.01517
     9/199     1.59G   0.05543   0.05154    0.0109    0.1179       186       640    0.8016    0.1751    0.1694   0.04268   0.07951    0.1333   0.01451
    10/199     1.59G   0.05531   0.04772   0.01009    0.1131        76       640     0.731    0.1446    0.1058    0.0195   0.08285    0.1285   0.01244
    11/199     1.59G   0.05389   0.04826  0.008955    0.1111       145       640    0.8087    0.2316    0.2107   0.05112   0.07663    0.1305   0.01098
    12/199     1.59G   0.05343   0.04809  0.008129    0.1097       169       640    0.7093      0.22    0.2097    0.0534   0.07594    0.1263   0.01093
    13/199     1.59G   0.05218   0.04648  0.007496    0.1062       136       640    0.7617    0.2739    0.2751   0.07069   0.07528    0.1316   0.01086
    14/199     1.59G   0.05172   0.04501  0.007199    0.1039        38       640    0.6953    0.2323    0.2012   0.03989   0.07809    0.1295   0.01037
    15/199     1.59G    0.0509   0.04525  0.006728    0.1029        79       640    0.7692    0.2862    0.2706   0.06117   0.07591    0.1253   0.01001
    16/199     1.59G   0.05027   0.04233  0.006314   0.09892       131       640    0.7409    0.2604     0.254   0.06191   0.07584     0.121   0.01017
    17/199     1.59G    0.0506    0.0427  0.006445   0.09974       154       640    0.7785    0.3157    0.3217     0.084   0.07335    0.1221   0.01057
    18/199     1.59G   0.04945   0.04105  0.005944   0.09645        43       640    0.7399    0.2941    0.2735   0.07724   0.07446    0.1237   0.01056
    19/199     1.59G   0.04851   0.04229  0.005565   0.09637        81       640    0.7684    0.2876    0.2787   0.07204   0.07333    0.1294  0.009944
    20/199     1.59G    0.0484   0.04075  0.005345   0.09449        88       640    0.6991    0.2515    0.2325   0.05909   0.07565    0.1293  0.009881
    21/199     1.59G   0.04837   0.04205  0.005335   0.09575       134       640    0.7903    0.2949    0.2893    0.0654    0.0744    0.1284  0.009399
    22/199     1.59G    0.0481    0.0412  0.005273   0.09457        97       640    0.7972    0.2814    0.2819   0.06837   0.07492    0.1239   0.00975
