0 0.213333 0.086667 0.426667 0.173333
0 0.918333 0.71 0.163333 0.16
0 0.913333 0.171667 0.173333 0.19
0 0.586667 0.091667 0.206667 0.143333
0 0.541667 0.705 0.183333 0.196667
0 0.136667 0.728333 0.186667 0.13
1 0.98 0.431667 0.04 0.096667
1 0.971667 0.538333 0.056667 0.09
1 0.726667 0.481667 0.2 0.243333
1 0.043333 0.53 0.086667 0.22
1 0.173333 0.118333 0.093333 0.103333
1 0.706667 0.94 0.153333 0.12
1 0.936667 0.973333 0.113333 0.053333
1 0.553333 0.966667 0.126667 0.066667
1 0.023333 0.88 0.046667 0.113333
1 0.088333 0.893333 0.07 0.106667
1 0.316667 0.548333 0.106667 0.11
