0 0.411667 0.961667 0.163333 0.076667
0 0.02 0.985 0.04 0.03
0 0.153333 0.666667 0.1 0.173333
0 0.41 0.62 0.066667 0.113333
0 0.641667 0.566667 0.123333 0.073333
0 0.77 0.598333 0.073333 0.13
0 0.961667 0.5 0.076667 0.273333
0 0.223333 0.253333 0.053333 0.073333
0 0.556667 0.186667 0.086667 0.073333
0 0.388333 0.24 0.07 0.053333
0 0.2 0.163333 0.08 0.073333
2 0.156667 0.858333 0.1 0.123333
2 0.591667 0.805 0.143333 0.196667
2 0.821667 0.725 0.096667 0.09
2 0.556667 0.63 0.073333 0.086667
2 0.39 0.42 0.06 0.073333
