0 0.981667 0.833333 0.036667 0.166667
0 0.823333 0.775 0.146667 0.13
0 0.52 0.905 0.1 0.103333
0 0.318333 0.91 0.163333 0.16
0 0.315 0.371667 0.176667 0.19
0 0.045 0.291667 0.09 0.143333
0 0.926667 0.053333 0.146667 0.093333
0 0.991667 0.385 0.016667 0.096667
0 0.846667 0.501667 0.066667 0.11
0 0.016667 0.903333 0.033333 0.193333
0 0.49 0.44 0.066667 0.12
2 0.663333 0.326667 0.1 0.073333
2 0.408333 0.631667 0.096667 0.096667
2 0.383333 0.738333 0.08 0.09
2 0.126667 0.681667 0.2 0.243333
2 0.663333 0.65 0.153333 0.206667
2 0.63 0.973333 0.06 0.053333
2 0.693333 0.988333 0.073333 0.023333
