0 0.086667 0.646667 0.173333 0.1
0 0.291667 0.695 0.09 0.243333
0 0.646667 0.806667 0.086667 0.133333
0 0.581667 0.611667 0.11 0.103333
0 0.318333 0.458333 0.103333 0.083333
0 0.326667 0.345 0.066667 0.083333
0 0.315 0.233333 0.076667 0.086667
0 0.316667 0.14 0.126667 0.106667
0 0.563333 0.071667 0.12 0.136667
0 0.551667 0.188333 0.07 0.096667
0 0.576667 0.305 0.1 0.11
0 0.583333 0.413333 0.12 0.106667
2 0.198333 0.91 0.083333 0.073333
2 0.418333 0.718333 0.063333 0.07
2 0.495 0.726667 0.056667 0.1
2 0.426667 0.381667 0.046667 0.063333
2 0.476667 0.395 0.046667 0.05
2 0.478333 0.331667 0.043333 0.05
2 0.42 0.26 0.046667 0.06
2 0.475 0.223333 0.05 0.066667
2 0.433333 0.031667 0.1 0.063333
2 0.291667 0.015 0.056667 0.03
2 0.28 0.055 0.053333 0.036667
2 0.635 0.955 0.11 0.09
