0 0.933333 0.816667 0.133333 0.14
0 0.608333 0.833333 0.09 0.166667
0 0.423333 0.775 0.146667 0.13
0 0.12 0.905 0.1 0.103333
0 0.571667 0.053333 0.236667 0.093333
0 0.976667 0.258333 0.046667 0.09
0 0.628333 0.385 0.09 0.096667
0 0.446667 0.501667 0.066667 0.11
0 0.911667 0.466667 0.056667 0.06
0 0.09 0.44 0.066667 0.12
2 0.263333 0.326667 0.1 0.073333
2 0.028333 0.631667 0.056667 0.096667
2 0.011667 0.738333 0.023333 0.09
2 0.263333 0.65 0.153333 0.206667
2 0.23 0.973333 0.06 0.053333
2 0.293333 0.988333 0.073333 0.023333
2 0.763333 0.64 0.26 0.26
2 0.831667 0.95 0.063333 0.086667
2 0.973333 0.681667 0.053333 0.07
