0 0.723333 0.965 0.28 0.07
0 0.776667 0.451667 0.126667 0.163333
0 0.561667 0.416667 0.19 0.14
0 0.208333 0.433333 0.09 0.166667
0 0.048333 0.375 0.096667 0.13
0 0.068333 0.841667 0.136667 0.096667
0 0.228333 0.016667 0.09 0.033333
0 0.046667 0.101667 0.066667 0.11
0 0.511667 0.066667 0.056667 0.06
0 0.656667 0.048333 0.106667 0.083333
0 0.951667 0.076667 0.096667 0.153333
1 0.093333 0.671667 0.08 0.07
1 0.23 0.693333 0.14 0.146667
1 0.953333 0.258333 0.093333 0.123333
1 0.691667 0.618333 0.076667 0.103333
1 0.363333 0.24 0.26 0.26
1 0.431667 0.55 0.063333 0.086667
1 0.618333 0.281667 0.143333 0.07
1 0.426667 0.645 0.066667 0.103333
1 0.838333 0.603333 0.07 0.08
1 0.375 0.995 0.083333 0.01
1 0.963333 0.9 0.073333 0.086667
