0 0.086667 0.243333 0.173333 0.14
0 0.073333 0.39 0.113333 0.066667
0 0.043333 0.658333 0.086667 0.09
0 0.056667 0.848333 0.106667 0.083333
0 0.353333 0.866667 0.1 0.173333
0 0.61 0.82 0.066667 0.113333
0 0.841667 0.766667 0.123333 0.073333
0 0.966667 0.798333 0.066667 0.13
0 0.423333 0.453333 0.053333 0.073333
0 0.756667 0.386667 0.086667 0.073333
0 0.588333 0.44 0.07 0.053333
0 0.4 0.363333 0.08 0.073333
1 0.155 0.538333 0.083333 0.11
1 0.791667 0.953333 0.143333 0.093333
1 0.986667 0.925 0.026667 0.09
1 0.756667 0.83 0.073333 0.086667
1 0.26 0.076667 0.086667 0.08
1 0.59 0.62 0.06 0.073333
