0 0.045 0.653333 0.09 0.093333
0 0.058333 0.508333 0.116667 0.143333
0 0.06 0.245 0.073333 0.123333
0 0.48 0.443333 0.186667 0.14
0 0.473333 0.59 0.113333 0.066667
0 0.42 0.858333 0.133333 0.09
0 0.036667 0.968333 0.073333 0.063333
0 0.753333 0.99 0.1 0.02
0 0.988333 0.981667 0.023333 0.036667
0 0.823333 0.653333 0.053333 0.073333
0 0.693333 0.11 0.033333 0.046667
0 0.976667 0.64 0.046667 0.053333
0 0.8 0.563333 0.08 0.073333
1 0.211667 0.136667 0.11 0.133333
1 0.306667 0.28 0.113333 0.1
1 0.555 0.738333 0.083333 0.11
1 0.308333 0.54 0.09 0.12
1 0.66 0.276667 0.086667 0.08
1 0.341667 0.016667 0.11 0.033333
1 0.98 0.82 0.04 0.073333
