0 0.095 0.886667 0.19 0.226667
0 0.231667 0.96 0.096667 0.06
0 0.251667 0.498333 0.35 0.243333
0 0.326667 0.278333 0.173333 0.19
0 0.03 0.346667 0.06 0.113333
0 0.751667 0.803333 0.07 0.213333
0 0.71 0.098333 0.1 0.063333
0 0.955 0.108333 0.09 0.07
0 0.973333 0.731667 0.053333 0.103333
0 0.976667 0.57 0.046667 0.08
0 0.98 0.861667 0.04 0.123333
0 0.983333 0.971667 0.033333 0.056667
1 0.84 0.938333 0.086667 0.083333
1 0.876667 0.766667 0.093333 0.073333
1 0.855 0.726667 0.083333 0.06
1 0.87 0.646667 0.066667 0.046667
1 0.853333 0.57 0.073333 0.053333
1 0.863333 0.44 0.126667 0.08
1 0.841667 0.371667 0.11 0.063333
1 0.876667 0.278333 0.113333 0.076667
1 0.815 0.14 0.056667 0.06
1 0.99 0.005 0.02 0.01
1 0.186667 0.05 0.106667 0.1
