0 0.095 0.786667 0.19 0.426667
0 0.431667 0.913333 0.223333 0.173333
0 0.231667 0.76 0.096667 0.06
0 0.251667 0.298333 0.35 0.243333
0 0.326667 0.086667 0.173333 0.173333
0 0.03 0.146667 0.06 0.113333
0 0.751667 0.603333 0.07 0.213333
0 0.973333 0.531667 0.053333 0.103333
0 0.976667 0.37 0.046667 0.08
0 0.98 0.661667 0.04 0.123333
0 0.983333 0.801667 0.033333 0.116667
0 0.968333 0.926667 0.063333 0.113333
1 0.81 0.968333 0.086667 0.063333
1 0.84 0.738333 0.086667 0.083333
1 0.876667 0.566667 0.093333 0.073333
1 0.855 0.526667 0.083333 0.06
1 0.87 0.446667 0.066667 0.046667
1 0.853333 0.37 0.073333 0.053333
1 0.863333 0.24 0.126667 0.08
1 0.841667 0.171667 0.11 0.063333
1 0.876667 0.078333 0.113333 0.076667
