0 0.086667 0.443333 0.173333 0.14
0 0.073333 0.59 0.113333 0.066667
0 0.043333 0.858333 0.086667 0.09
0 0.353333 0.99 0.1 0.02
0 0.61 0.981667 0.066667 0.036667
0 0.841667 0.965 0.123333 0.07
0 0.966667 0.966667 0.066667 0.066667
0 0.423333 0.653333 0.053333 0.073333
0 0.756667 0.586667 0.086667 0.073333
0 0.293333 0.11 0.033333 0.046667
0 0.588333 0.64 0.07 0.053333
0 0.4 0.563333 0.08 0.073333
1 0.155 0.738333 0.083333 0.11
1 0.756667 0.993333 0.073333 0.013333
1 0.26 0.276667 0.086667 0.08
1 0.59 0.82 0.06 0.073333
