0 0.933333 0.973333 0.133333 0.053333
0 0.608333 0.975 0.09 0.05
0 0.423333 0.955 0.146667 0.09
0 0.571667 0.253333 0.236667 0.093333
0 0.636667 0.108333 0.16 0.143333
0 0.993333 0.056667 0.013333 0.113333
0 0.976667 0.458333 0.046667 0.09
0 0.628333 0.585 0.09 0.096667
0 0.446667 0.701667 0.066667 0.11
0 0.911667 0.666667 0.056667 0.06
0 0.09 0.64 0.066667 0.12
1 0.263333 0.526667 0.1 0.073333
1 0.028333 0.831667 0.056667 0.096667
1 0.011667 0.938333 0.023333 0.09
1 0.263333 0.85 0.153333 0.206667
1 0.908333 0.14 0.09 0.12
1 0.763333 0.84 0.26 0.26
1 0.973333 0.881667 0.053333 0.07
1 0.328333 0.033333 0.11 0.066667
