0 0.891667 0.965 0.216667 0.07
0 0.956667 0.451667 0.086667 0.163333
0 0.761667 0.416667 0.19 0.14
0 0.408333 0.433333 0.09 0.166667
0 0.223333 0.375 0.146667 0.13
0 0.256667 0.841667 0.16 0.096667
0 0.428333 0.016667 0.09 0.033333
0 0.246667 0.101667 0.066667 0.11
0 0.711667 0.066667 0.056667 0.06
0 0.856667 0.048333 0.106667 0.083333
1 0.07 0.25 0.14 0.206667
1 0.061667 0.733333 0.123333 0.166667
1 0.03 0.59 0.06 0.086667
1 0.093333 0.621667 0.073333 0.09
1 0.293333 0.671667 0.08 0.07
1 0.43 0.693333 0.14 0.146667
1 0.891667 0.618333 0.076667 0.103333
1 0.563333 0.24 0.26 0.26
1 0.631667 0.55 0.063333 0.086667
1 0.818333 0.281667 0.143333 0.07
1 0.626667 0.645 0.066667 0.103333
1 0.575 0.995 0.083333 0.01
1 0.01 0.963333 0.02 0.073333
