0 0.723333 0.62 0.28 0.18
0 0.776667 0.066667 0.126667 0.133333
0 0.561667 0.043333 0.19 0.086667
0 0.208333 0.058333 0.09 0.116667
0 0.048333 0.02 0.096667 0.04
0 0.068333 0.441667 0.136667 0.096667
0 0.04 0.783333 0.08 0.166667
1 0.093333 0.271667 0.08 0.07
1 0.23 0.293333 0.14 0.146667
1 0.691667 0.218333 0.076667 0.103333
1 0.431667 0.15 0.063333 0.086667
1 0.426667 0.245 0.066667 0.103333
1 0.838333 0.203333 0.07 0.08
1 0.375 0.68 0.083333 0.18
1 0.963333 0.5 0.073333 0.086667
1 0.226667 0.818333 0.1 0.19
