0 0.095 0.986667 0.19 0.026667
0 0.251667 0.698333 0.35 0.243333
0 0.326667 0.478333 0.173333 0.19
0 0.03 0.546667 0.06 0.113333
0 0.751667 0.948333 0.07 0.103333
0 0.081667 0.018333 0.163333 0.036667
0 0.328333 0.021667 0.116667 0.043333
0 0.71 0.298333 0.1 0.063333
0 0.691667 0.008333 0.09 0.016667
0 0.955 0.308333 0.09 0.07
0 0.973333 0.931667 0.053333 0.103333
0 0.976667 0.77 0.046667 0.08
1 0.208333 0.105 0.103333 0.076667
1 0.598333 0.11 0.083333 0.073333
1 0.876667 0.965 0.093333 0.07
1 0.855 0.926667 0.083333 0.06
1 0.87 0.846667 0.066667 0.046667
1 0.853333 0.77 0.073333 0.053333
1 0.863333 0.64 0.126667 0.08
1 0.841667 0.571667 0.11 0.063333
1 0.876667 0.478333 0.113333 0.076667
1 0.815 0.34 0.056667 0.06
1 0.99 0.16 0.02 0.1
1 0.186667 0.248333 0.106667 0.103333
