0 0.013333 0.698333 0.026667 0.243333
0 0.351667 0.948333 0.07 0.103333
0 0.31 0.298333 0.1 0.063333
0 0.291667 0.008333 0.09 0.016667
0 0.556667 0.308333 0.093333 0.07
0 0.668333 0.353333 0.063333 0.146667
0 0.646667 0.036667 0.086667 0.073333
0 0.581667 0.931667 0.07 0.103333
0 0.586667 0.77 0.066667 0.08
1 0.198333 0.11 0.083333 0.073333
1 0.476667 0.965 0.093333 0.07
1 0.455 0.926667 0.083333 0.06
1 0.47 0.846667 0.066667 0.046667
1 0.453333 0.77 0.073333 0.053333
1 0.463333 0.64 0.126667 0.08
1 0.441667 0.571667 0.11 0.063333
1 0.476667 0.478333 0.113333 0.076667
1 0.415 0.34 0.056667 0.06
1 0.635 0.16 0.11 0.1
