0 0.006667 0.991667 0.013333 0.016667
0 0.086667 0.446667 0.173333 0.1
0 0.31 0.898333 0.1 0.063333
0 0.291667 0.495 0.09 0.243333
0 0.556667 0.908333 0.093333 0.07
0 0.668333 0.94 0.063333 0.12
0 0.646667 0.606667 0.086667 0.133333
0 0.581667 0.411667 0.11 0.103333
0 0.318333 0.258333 0.103333 0.083333
0 0.326667 0.145 0.066667 0.083333
0 0.315 0.038333 0.076667 0.076667
0 0.551667 0.018333 0.07 0.036667
0 0.576667 0.105 0.1 0.11
0 0.583333 0.213333 0.12 0.106667
2 0.198333 0.71 0.083333 0.073333
2 0.418333 0.518333 0.063333 0.07
2 0.495 0.526667 0.056667 0.1
2 0.426667 0.181667 0.046667 0.063333
2 0.476667 0.195 0.046667 0.05
2 0.478333 0.131667 0.043333 0.05
2 0.42 0.06 0.046667 0.06
2 0.475 0.028333 0.05 0.056667
2 0.415 0.94 0.056667 0.06
2 0.635 0.76 0.11 0.1
