0 0.326667 0.878333 0.173333 0.19
0 0.03 0.945 0.06 0.11
0 0.081667 0.3 0.163333 0.273333
0 0.478333 0.246667 0.19 0.1
0 0.328333 0.366667 0.116667 0.153333
0 0.326667 0.22 0.046667 0.14
0 0.71 0.698333 0.1 0.063333
0 0.691667 0.295 0.09 0.243333
0 0.955 0.708333 0.09 0.07
0 0.963333 0.211667 0.073333 0.103333
0 0.718333 0.058333 0.103333 0.083333
0 0.961667 0.033333 0.076667 0.066667
2 0.208333 0.505 0.103333 0.076667
2 0.598333 0.51 0.083333 0.073333
2 0.818333 0.318333 0.063333 0.07
2 0.895 0.326667 0.056667 0.1
2 0.826667 0.006667 0.046667 0.013333
2 0.876667 0.01 0.046667 0.02
2 0.841667 0.97 0.11 0.06
2 0.876667 0.878333 0.113333 0.076667
2 0.815 0.74 0.056667 0.06
2 0.99 0.56 0.02 0.1
2 0.186667 0.648333 0.106667 0.103333
