0 0.723333 0.82 0.28 0.18
0 0.776667 0.251667 0.126667 0.163333
0 0.561667 0.216667 0.19 0.14
0 0.208333 0.233333 0.09 0.166667
0 0.048333 0.175 0.096667 0.13
0 0.068333 0.641667 0.136667 0.096667
0 0.04 0.95 0.08 0.1
1 0.093333 0.471667 0.08 0.07
1 0.23 0.493333 0.14 0.146667
1 0.953333 0.06 0.093333 0.12
1 0.691667 0.418333 0.076667 0.103333
1 0.363333 0.085 0.26 0.17
1 0.431667 0.35 0.063333 0.086667
1 0.618333 0.081667 0.143333 0.07
1 0.426667 0.445 0.066667 0.103333
1 0.838333 0.403333 0.07 0.08
1 0.375 0.88 0.083333 0.18
1 0.963333 0.7 0.073333 0.086667
1 0.226667 0.961667 0.1 0.076667
