0 0.013333 0.988333 0.026667 0.023333
0 0.086667 0.246667 0.173333 0.1
0 0.31 0.698333 0.1 0.063333
0 0.291667 0.295 0.09 0.243333
0 0.556667 0.708333 0.093333 0.07
0 0.668333 0.753333 0.063333 0.146667
0 0.646667 0.406667 0.086667 0.133333
0 0.581667 0.211667 0.11 0.103333
0 0.318333 0.058333 0.103333 0.083333
0 0.583333 0.033333 0.12 0.066667
2 0.198333 0.51 0.083333 0.073333
2 0.418333 0.318333 0.063333 0.07
2 0.495 0.326667 0.056667 0.1
2 0.426667 0.006667 0.046667 0.013333
2 0.476667 0.01 0.046667 0.02
2 0.441667 0.97 0.11 0.06
2 0.476667 0.878333 0.113333 0.076667
2 0.415 0.74 0.056667 0.06
2 0.635 0.56 0.11 0.1
