0 0.071667 0.913333 0.143333 0.173333
0 0.013333 0.298333 0.026667 0.243333
0 0.351667 0.603333 0.07 0.213333
0 0.668333 0.013333 0.063333 0.026667
0 0.581667 0.531667 0.07 0.103333
0 0.586667 0.37 0.066667 0.08
0 0.588333 0.661667 0.056667 0.123333
0 0.595 0.801667 0.056667 0.116667
0 0.581667 0.926667 0.09 0.113333
2 0.41 0.968333 0.086667 0.063333
2 0.44 0.738333 0.086667 0.083333
2 0.476667 0.566667 0.093333 0.073333
2 0.455 0.526667 0.083333 0.06
2 0.47 0.446667 0.066667 0.046667
2 0.453333 0.37 0.073333 0.053333
2 0.463333 0.24 0.126667 0.08
2 0.441667 0.171667 0.11 0.063333
2 0.476667 0.078333 0.113333 0.076667
