0 0.243333 0.881667 0.24 0.236667
0 0.678333 0.846667 0.19 0.1
0 0.528333 0.945 0.116667 0.11
0 0.526667 0.82 0.046667 0.14
0 0.891667 0.886667 0.09 0.226667
0 0.918333 0.658333 0.103333 0.083333
0 0.926667 0.545 0.066667 0.083333
0 0.915 0.433333 0.076667 0.086667
0 0.916667 0.34 0.126667 0.106667
0 0.913333 0.155 0.093333 0.036667
0 0.941667 0.056667 0.083333 0.106667
1 0.993333 0.918333 0.013333 0.07
1 0.991667 0.218333 0.016667 0.09
1 0.993333 0.078333 0.013333 0.043333
1 0.891667 0.2 0.056667 0.06
1 0.88 0.255 0.053333 0.036667
