0 0.115 0.771667 0.176667 0.19
0 0.771667 0.453333 0.236667 0.093333
0 0.836667 0.308333 0.16 0.143333
0 0.86 0.053333 0.073333 0.106667
0 0.828333 0.785 0.09 0.096667
0 0.646667 0.901667 0.066667 0.11
0 0.29 0.84 0.066667 0.12
1 0.055 0.098333 0.11 0.143333
1 0.518333 0.01 0.116667 0.02
1 0.463333 0.726667 0.1 0.073333
1 0.208333 0.991667 0.096667 0.016667
1 0.013333 0.98 0.026667 0.04
1 0.01 0.041667 0.02 0.083333
1 0.463333 0.973333 0.153333 0.053333
1 0.916667 0.955 0.166667 0.09
1 0.528333 0.206667 0.11 0.12
