0 0.776667 0.651667 0.126667 0.163333
0 0.561667 0.616667 0.19 0.14
0 0.208333 0.633333 0.09 0.166667
0 0.048333 0.575 0.096667 0.13
0 0.62 0.058333 0.133333 0.09
0 0.228333 0.185 0.09 0.096667
0 0.046667 0.301667 0.066667 0.11
0 0.511667 0.266667 0.056667 0.06
0 0.656667 0.248333 0.106667 0.083333
0 0.951667 0.266667 0.096667 0.173333
2 0.093333 0.871667 0.08 0.07
2 0.23 0.893333 0.14 0.146667
2 0.953333 0.458333 0.093333 0.123333
2 0.691667 0.818333 0.076667 0.103333
2 0.363333 0.44 0.26 0.26
2 0.431667 0.75 0.063333 0.086667
2 0.618333 0.481667 0.143333 0.07
2 0.426667 0.845 0.066667 0.103333
2 0.838333 0.803333 0.07 0.08
