0 0.975 0.375 0.05 0.13
0 0.988333 0.841667 0.023333 0.096667
0 0.72 0.505 0.1 0.103333
0 0.518333 0.51 0.163333 0.16
0 0.515 0.033333 0.176667 0.066667
0 0.141667 0.505 0.183333 0.196667
0 0.69 0.05 0.066667 0.1
2 0.608333 0.231667 0.096667 0.096667
2 0.583333 0.338333 0.08 0.09
2 0.326667 0.281667 0.2 0.243333
2 0.863333 0.25 0.153333 0.206667
2 0.831667 0.733333 0.183333 0.166667
2 0.83 0.59 0.06 0.086667
2 0.893333 0.621667 0.073333 0.09
2 0.756667 0.963333 0.126667 0.073333
2 0.306667 0.743333 0.153333 0.126667
2 0.536667 0.801667 0.113333 0.11
2 0.153333 0.806667 0.126667 0.146667
