0 0.776667 0.851667 0.126667 0.163333
0 0.561667 0.816667 0.19 0.14
0 0.208333 0.833333 0.09 0.166667
0 0.048333 0.775 0.096667 0.13
0 0.171667 0.053333 0.236667 0.093333
0 0.673333 0.011667 0.113333 0.023333
0 0.62 0.258333 0.133333 0.09
0 0.228333 0.385 0.09 0.096667
0 0.046667 0.501667 0.066667 0.11
0 0.511667 0.466667 0.056667 0.06
0 0.656667 0.448333 0.106667 0.083333
0 0.951667 0.466667 0.096667 0.173333
2 0.755 0.138333 0.083333 0.11
2 0.953333 0.658333 0.093333 0.123333
2 0.691667 0.983333 0.076667 0.033333
2 0.363333 0.64 0.26 0.26
2 0.431667 0.95 0.063333 0.086667
2 0.618333 0.681667 0.143333 0.07
2 0.838333 0.981667 0.07 0.036667
