0 0.611667 0.846667 0.163333 0.246667
0 0.176667 0.851667 0.126667 0.163333
0 0.028333 0.816667 0.056667 0.14
0 0.073333 0.011667 0.113333 0.023333
0 0.043333 0.258333 0.086667 0.09
0 0.056667 0.448333 0.106667 0.083333
0 0.353333 0.466667 0.1 0.173333
0 0.61 0.42 0.066667 0.113333
0 0.841667 0.366667 0.123333 0.073333
0 0.966667 0.398333 0.066667 0.13
0 0.423333 0.053333 0.053333 0.073333
0 0.756667 0.011667 0.086667 0.023333
0 0.588333 0.04 0.07 0.053333
1 0.155 0.138333 0.083333 0.11
1 0.356667 0.658333 0.1 0.123333
1 0.091667 0.983333 0.076667 0.033333
1 0.791667 0.605 0.143333 0.196667
1 0.986667 0.525 0.026667 0.09
1 0.756667 0.43 0.073333 0.086667
1 0.045 0.681667 0.09 0.07
1 0.238333 0.981667 0.07 0.036667
1 0.59 0.22 0.06 0.073333
