0 0.28 0.443333 0.186667 0.14
0 0.273333 0.59 0.113333 0.066667
0 0.22 0.858333 0.133333 0.09
0 0.553333 0.99 0.1 0.02
0 0.81 0.981667 0.066667 0.036667
0 0.99 0.965 0.02 0.07
0 0.623333 0.653333 0.053333 0.073333
0 0.956667 0.586667 0.086667 0.073333
0 0.493333 0.11 0.033333 0.046667
0 0.788333 0.64 0.07 0.053333
0 0.6 0.563333 0.08 0.073333
2 0.033333 0.136667 0.066667 0.133333
2 0.106667 0.28 0.113333 0.1
2 0.355 0.738333 0.083333 0.11
2 0.956667 0.993333 0.073333 0.013333
2 0.108333 0.54 0.09 0.12
2 0.46 0.276667 0.086667 0.08
2 0.141667 0.016667 0.11 0.033333
2 0.79 0.82 0.06 0.073333
