0 0.918333 0.51 0.163333 0.16
0 0.913333 0.033333 0.173333 0.066667
0 0.541667 0.505 0.183333 0.196667
0 0.136667 0.528333 0.186667 0.13
1 0.98 0.231667 0.04 0.096667
1 0.971667 0.338333 0.056667 0.09
1 0.726667 0.281667 0.2 0.243333
1 0.043333 0.33 0.086667 0.22
1 0.706667 0.743333 0.153333 0.126667
1 0.936667 0.801667 0.113333 0.11
1 0.553333 0.806667 0.126667 0.146667
1 0.25 0.935 0.1 0.13
1 0.048333 0.963333 0.096667 0.073333
1 0.023333 0.68 0.046667 0.113333
1 0.088333 0.693333 0.07 0.106667
1 0.316667 0.348333 0.106667 0.11
