0 0.838333 0.698333 0.323333 0.243333
0 0.92 0.478333 0.16 0.19
0 0.585 0.546667 0.15 0.113333
0 0.046667 0.446667 0.093333 0.246667
0 0.021667 0.038333 0.043333 0.076667
0 0.37 0.031667 0.073333 0.063333
0 0.643333 0.018333 0.24 0.036667
0 0.928333 0.021667 0.116667 0.043333
2 0.13 0.9 0.193333 0.173333
2 0.191667 0.205 0.143333 0.196667
2 0.421667 0.125 0.096667 0.09
2 0.156667 0.036667 0.073333 0.073333
2 0.808333 0.105 0.103333 0.076667
2 0.786667 0.248333 0.106667 0.103333
2 0.241667 0.761667 0.083333 0.11
