0 0.086667 0.846667 0.173333 0.1
0 0.291667 0.886667 0.09 0.226667
0 0.646667 0.97 0.086667 0.06
0 0.581667 0.811667 0.11 0.103333
0 0.318333 0.658333 0.103333 0.083333
0 0.326667 0.545 0.066667 0.083333
0 0.315 0.433333 0.076667 0.086667
0 0.316667 0.34 0.126667 0.106667
0 0.313333 0.155 0.093333 0.036667
0 0.341667 0.056667 0.083333 0.106667
0 0.538333 0.048333 0.07 0.09
0 0.538333 0.136667 0.07 0.1
0 0.563333 0.271667 0.12 0.136667
0 0.551667 0.388333 0.07 0.096667
0 0.576667 0.505 0.1 0.11
0 0.583333 0.613333 0.12 0.106667
2 0.418333 0.918333 0.063333 0.07
2 0.495 0.926667 0.056667 0.1
2 0.426667 0.581667 0.046667 0.063333
2 0.476667 0.595 0.046667 0.05
2 0.478333 0.531667 0.043333 0.05
2 0.42 0.46 0.046667 0.06
2 0.475 0.423333 0.05 0.066667
2 0.433333 0.218333 0.1 0.09
2 0.408333 0.078333 0.043333 0.043333
2 0.478333 0.115 0.043333 0.063333
2 0.291667 0.2 0.056667 0.06
2 0.28 0.255 0.053333 0.036667
