0 0.288333 0.941667 0.576667 0.116667
0 0.981667 0.233333 0.036667 0.166667
0 0.823333 0.175 0.146667 0.13
0 0.856667 0.641667 0.16 0.096667
0 0.813333 0.95 0.133333 0.1
0 0.52 0.305 0.1 0.103333
0 0.318333 0.31 0.163333 0.16
0 0.016667 0.305 0.033333 0.196667
1 0.408333 0.04 0.096667 0.08
1 0.383333 0.138333 0.08 0.09
1 0.126667 0.101667 0.2 0.203333
1 0.663333 0.076667 0.153333 0.153333
1 0.631667 0.533333 0.183333 0.166667
1 0.63 0.39 0.06 0.086667
1 0.693333 0.421667 0.073333 0.09
1 0.893333 0.471667 0.08 0.07
1 0.98 0.493333 0.04 0.146667
1 0.556667 0.795 0.126667 0.136667
1 0.106667 0.543333 0.153333 0.126667
1 0.336667 0.601667 0.113333 0.11
1 0.008333 0.606667 0.016667 0.146667
1 0.665 0.861667 0.056667 0.096667
1 0.988333 0.961667 0.023333 0.076667
