2 0.565 0.846667 0.136667 0.106667
2 0.518333 0.536667 0.07 0.08
2 0.131667 0.145 0.083333 0.083333
2 0.108333 0.088333 0.083333 0.09
2 0.681667 0.051667 0.13 0.103333
2 0.846667 0.038333 0.113333 0.076667
2 0.921667 0.271667 0.103333 0.123333
2 0.931667 0.206667 0.116667 0.113333
2 0.961667 0.05 0.076667 0.1
2 0.805 0.96 0.103333 0.08
2 0.516667 0.976667 0.086667 0.046667
2 0.24 0.715 0.08 0.103333
0 0.6 0.628333 0.08 0.183333
0 0.463333 0.675 0.066667 0.09
0 0.696667 0.638333 0.153333 0.083333
2 0.691667 0.97 0.076667 0.06
