     0/499     7.41G   0.06967   0.02599   0.03313    0.1288        43       640  0.001508   0.03486 0.0004072 6.599e-05    0.1011    0.1275   0.03647
     1/499     7.41G   0.06719   0.02466   0.03002    0.1219        74       640  0.002507   0.04387 0.0005059 8.076e-05   0.09923    0.1323   0.03082
     2/499     7.41G   0.06631   0.02471   0.02773    0.1187        65       640  0.005262  0.004208  0.001289 0.0002479   0.09766    0.1357   0.02838
     3/499     7.41G   0.06595   0.02509    0.0264    0.1174        51       640  0.005368   0.02824  0.001336 0.0002416   0.09791    0.1364   0.02723
     4/499     7.41G   0.06597   0.02485   0.02487    0.1157        41       640  0.006215   0.06696  0.002641 0.0005838   0.09679     0.137   0.02465
     5/499     7.41G   0.06563   0.02421   0.02362    0.1135        36       640  0.002365   0.05432 0.0006462  0.000137   0.09657    0.1335   0.02364
     6/499     7.41G   0.06513   0.02274   0.02259    0.1105        87       640    0.2903   0.02246  0.001274 0.0002191   0.09774     0.126   0.02298
     7/499     7.41G   0.06519    0.0226   0.02197    0.1098        37       640  0.002526   0.05973 0.0005168 0.0001001   0.09449    0.1309   0.02264
     8/499     7.41G   0.06433   0.02326    0.0209    0.1085        65       640   0.02299   0.01307  0.002017 0.0004188    0.0926    0.1362   0.02424
     9/499     7.41G   0.06262   0.02386   0.02039    0.1069        63       640   0.02494   0.03413  0.006749  0.001417   0.09034    0.1433    0.0206
    10/499     7.41G     0.062   0.02375   0.01949    0.1052        89       640    0.1535   0.03223  0.003309 0.0006603    0.0947    0.1395   0.02314
    11/499     7.41G   0.06164   0.02366    0.0194    0.1047        61       640   0.02829   0.06815   0.01192  0.003021   0.09258    0.1349   0.02138
    12/499     7.41G   0.06088   0.02374   0.01831    0.1029        40       640   0.01909   0.06164   0.01032  0.002135   0.09491    0.1289   0.02106
    13/499     7.41G   0.06046   0.02404   0.01826    0.1028        43       640   0.01657   0.04887   0.01017  0.002739   0.09581    0.1261   0.02009
