2 0.239583 0.711574 0.075000 0.304630
2 0.292969 0.643981 0.078646 0.234259
2 0.365885 0.390278 0.106771 0.213889
2 0.486198 0.525000 0.109896 0.174074
2 0.940365 0.101852 0.119271 0.201852
0 0.751563 0.365741 0.256250 0.427778
0 0.938542 0.487037 0.113542 0.205556
5 0.079167 0.281481 0.157292 0.561111
5 0.190885 0.163426 0.082812 0.325000
2 0.111979 0.935648 0.129167 0.128704
4 0.097917 0.724074 0.176042 0.281481
4 0.232031 0.440278 0.123438 0.228704
4 0.283854 0.237037 0.082292 0.192593
4 0.395573 0.060185 0.175521 0.098148
4 0.634375 0.181019 0.047917 0.087963
3 0.513021 0.357407 0.060417 0.125926
3 0.632292 0.083333 0.094792 0.101852
