6 0.353125 0.385185 0.033333 0.070370
2 0.225521 0.861574 0.136458 0.134259
2 0.240104 0.187037 0.128125 0.268519
0 0.134375 0.659259 0.117708 0.150000
0 0.523177 0.803241 0.096354 0.113889
0 0.035156 0.721296 0.054688 0.083333
0 0.019010 0.806481 0.036979 0.111111
0 0.027604 0.920370 0.054167 0.077778
4 0.401562 0.546759 0.109375 0.863889
4 0.314583 0.343981 0.042708 0.680556
4 0.152083 0.404630 0.184375 0.309259
4 0.071354 0.144444 0.135417 0.188889
4 0.212760 0.054630 0.099479 0.107407
3 0.661458 0.459259 0.043750 0.124074
3 0.650000 0.169444 0.066667 0.298148
