4 0.414062 0.258796 0.141667 0.515741
4 0.354427 0.787037 0.076563 0.237037
4 0.179427 0.658796 0.095312 0.165741
4 0.109635 0.936111 0.218229 0.127778
4 0.174740 0.069444 0.179688 0.137037
4 0.326042 0.111574 0.041667 0.221296
0 0.539844 0.350926 0.081771 0.107407
0 0.573177 0.718981 0.191146 0.363889
0 0.101823 0.789352 0.121354 0.175000
0 0.050000 0.476389 0.060417 0.087963
0 0.031771 0.365278 0.056250 0.100926
0 0.061198 0.279630 0.048438 0.077778
0 0.152083 0.220833 0.104167 0.112037
1 0.016927 0.109259 0.032813 0.068519
2 0.245833 0.906944 0.094792 0.097222
2 0.752865 0.893519 0.139063 0.148148
2 0.370052 0.518519 0.106771 0.151852
2 0.243750 0.762963 0.076042 0.094444
2 0.253906 0.446759 0.092188 0.089815
3 0.671094 0.051852 0.049479 0.101852
