0 0.717969 0.333796 0.261979 0.369444
0 0.921615 0.387037 0.091146 0.198148
2 0.321354 0.742130 0.090625 0.250926
2 0.278125 0.828241 0.092708 0.217593
2 0.368490 0.443056 0.131771 0.254630
2 0.491406 0.564815 0.121354 0.235185
6 0.453646 0.215741 0.029167 0.081481
5 0.071094 0.431481 0.141146 0.861111
5 0.185417 0.221296 0.082292 0.440741
4 0.210417 0.587037 0.107292 0.251852
4 0.165104 0.861111 0.110417 0.240741
4 0.289844 0.306944 0.100521 0.287963
4 0.357031 0.131481 0.120313 0.261111
3 0.502083 0.372222 0.061458 0.124074
3 0.594271 0.097222 0.078125 0.131481
