3 0.505729 0.371296 0.069792 0.111111
3 0.616406 0.097222 0.076563 0.131481
6 0.451823 0.206944 0.026562 0.063889
2 0.252083 0.792130 0.067708 0.289815
2 0.305208 0.655093 0.089583 0.278704
2 0.370573 0.427315 0.127604 0.243519
2 0.499740 0.544444 0.115104 0.190741
4 0.122135 0.850926 0.151562 0.229630
4 0.201042 0.637963 0.103125 0.168519
4 0.244010 0.455093 0.107813 0.156481
4 0.291667 0.259259 0.117708 0.192593
4 0.360417 0.075926 0.120833 0.140741
5 0.072396 0.361574 0.143750 0.721296
5 0.218750 0.081019 0.140625 0.158333
4 0.621875 0.187037 0.046875 0.103704
0 0.743229 0.364352 0.244792 0.404630
0 0.940885 0.428704 0.100521 0.196296
