0 0.144792 0.321296 0.113542 0.142593
0 0.047135 0.391204 0.041146 0.084259
0 0.536458 0.467130 0.088542 0.097222
0 0.569271 0.819444 0.204167 0.361111
0 0.038281 0.589352 0.072396 0.080556
0 0.026823 0.475926 0.052604 0.094444
4 0.405208 0.312037 0.121875 0.616667
4 0.176563 0.770833 0.110417 0.178704
4 0.346875 0.895833 0.075000 0.208333
4 0.315365 0.160185 0.049479 0.318519
4 0.168750 0.113426 0.188542 0.225000
1 0.020052 0.218056 0.039062 0.100926
6 0.356510 0.368519 0.013021 0.042593
3 0.660677 0.152778 0.029687 0.122222
