6 0.419792 0.212500 0.030208 0.062037
2 0.249219 0.194444 0.106771 0.168519
2 0.682292 0.722685 0.117708 0.162037
2 0.596094 0.907870 0.113021 0.184259
0 0.087500 0.910185 0.062500 0.137037
0 0.601042 0.334259 0.194792 0.444444
0 0.660156 0.054167 0.102604 0.106481
3 0.453385 0.465741 0.054688 0.151852
3 0.589844 0.690741 0.053646 0.107407
4 0.073698 0.191667 0.146354 0.381481
4 0.223958 0.643981 0.192708 0.260185
4 0.415104 0.860185 0.186458 0.279630
2 0.283594 0.054630 0.065104 0.107407
4 0.379167 0.191667 0.063542 0.272222
