2 0.481510 0.518981 0.110937 0.191667
2 0.372396 0.369907 0.092708 0.215741
2 0.204687 0.760648 0.082292 0.191667
2 0.279687 0.624537 0.110417 0.275000
2 0.085938 0.866667 0.108333 0.198148
2 0.940365 0.127315 0.119271 0.199074
0 0.770052 0.376852 0.267188 0.425926
0 0.948438 0.525463 0.098958 0.199074
6 0.452604 0.188426 0.033333 0.071296
5 0.075260 0.233333 0.149479 0.464815
5 0.057552 0.514815 0.114062 0.111111
5 0.164583 0.133333 0.156250 0.264815
4 0.081510 0.720833 0.150521 0.250926
4 0.172135 0.558796 0.096354 0.163889
4 0.236719 0.378241 0.140104 0.189815
4 0.328385 0.123148 0.152604 0.244444
3 0.514844 0.344444 0.068229 0.120370
3 0.644271 0.087963 0.089583 0.107407
