5 0.079687 0.133796 0.158333 0.265741
5 0.202865 0.085185 0.085938 0.168519
5 0.059635 0.343056 0.118229 0.143519
2 0.051562 0.772685 0.102083 0.163889
2 0.109115 0.931944 0.170313 0.136111
2 0.187760 0.614815 0.074479 0.212963
2 0.276042 0.549074 0.091667 0.303704
2 0.384115 0.300463 0.092188 0.200926
2 0.482812 0.501852 0.101042 0.207407
6 0.460156 0.176389 0.029687 0.063889
0 0.761458 0.389352 0.308333 0.482407
0 0.954427 0.645833 0.091146 0.189815
3 0.527604 0.336111 0.090625 0.105556
3 0.683073 0.102315 0.107813 0.106481
4 0.676042 0.207407 0.066667 0.111111
4 0.072135 0.565278 0.143229 0.228704
4 0.178125 0.395370 0.101042 0.231481
4 0.251302 0.281944 0.147396 0.210185
4 0.326302 0.101389 0.135937 0.200926
