3 0.653385 0.400463 0.046354 0.112037
3 0.651823 0.148611 0.054688 0.265741
4 0.399740 0.480093 0.089063 0.839815
4 0.152604 0.329630 0.154167 0.348148
4 0.314323 0.273611 0.039062 0.545370
0 0.521094 0.738426 0.086979 0.130556
0 0.547656 0.956019 0.196354 0.087963
0 0.129948 0.603704 0.107813 0.170370
0 0.036719 0.649537 0.035937 0.097222
0 0.021354 0.746759 0.041667 0.104630
0 0.031510 0.851852 0.061979 0.079630
2 0.242969 0.118056 0.135937 0.234259
2 0.216667 0.813889 0.135417 0.120370
2 0.341667 0.914352 0.120833 0.171296
6 0.347396 0.386574 0.019792 0.039815
