3 0.505990 0.850463 0.080729 0.104630
3 0.672656 0.907870 0.064062 0.067593
4 0.422396 0.205093 0.132292 0.408333
4 0.350521 0.689352 0.089583 0.262037
4 0.107031 0.873148 0.213021 0.253704
4 0.181250 0.513426 0.104167 0.150926
0 0.575000 0.628704 0.193750 0.377778
0 0.554688 0.272685 0.100000 0.139815
0 0.077083 0.638889 0.138542 0.218519
0 0.169531 0.100000 0.106771 0.161111
0 0.070573 0.147685 0.061979 0.086111
0 0.050260 0.235185 0.064062 0.116667
0 0.055990 0.338889 0.053646 0.083333
2 0.238802 0.793981 0.077604 0.171296
2 0.237500 0.642593 0.112500 0.083333
2 0.262760 0.337500 0.109896 0.104630
2 0.376823 0.436574 0.092188 0.178704
