2 0.248958 0.320370 0.081250 0.116667
2 0.260677 0.499537 0.092188 0.099074
2 0.395833 0.182407 0.108333 0.214815
2 0.701302 0.768519 0.121354 0.196296
0 0.585677 0.453241 0.196354 0.421296
0 0.606250 0.121296 0.101042 0.151852
0 0.101302 0.272685 0.166146 0.215741
4 0.346354 0.894444 0.303125 0.211111
4 0.345573 0.431481 0.064062 0.277778
4 0.084635 0.568981 0.160938 0.391667
6 0.401042 0.266667 0.025000 0.070370
4 0.209635 0.171759 0.115104 0.160185
4 0.462500 0.107870 0.113542 0.213889
3 0.477083 0.652315 0.072917 0.102778
3 0.633594 0.785185 0.052604 0.083333
