5 0.077604 0.121296 0.154167 0.240741
4 0.053385 0.452315 0.105729 0.286111
4 0.142708 0.380556 0.066667 0.235185
4 0.203385 0.275926 0.046354 0.281481
4 0.278125 0.182407 0.091667 0.268519
4 0.366406 0.118056 0.071354 0.234259
4 0.712240 0.243981 0.063021 0.095370
0 0.816927 0.478241 0.260937 0.487963
3 0.542448 0.328241 0.079687 0.110185
3 0.727865 0.147685 0.097396 0.089815
6 0.476823 0.159259 0.041146 0.087037
2 0.392448 0.259259 0.119271 0.237037
2 0.260156 0.469907 0.103646 0.250926
2 0.176302 0.538889 0.067187 0.238889
2 0.075781 0.825926 0.136979 0.250000
2 0.492188 0.540278 0.126042 0.262037
0 0.957552 0.784722 0.084896 0.173148
