3 0.641927 0.127315 0.048438 0.239815
3 0.657552 0.388889 0.044271 0.150000
4 0.396354 0.449537 0.109375 0.897222
4 0.310417 0.275000 0.065625 0.548148
4 0.120313 0.233333 0.239583 0.464815
0 0.516927 0.714352 0.088021 0.134259
0 0.553906 0.942130 0.207813 0.115741
0 0.132812 0.577315 0.132292 0.147222
0 0.038802 0.640278 0.045312 0.082407
0 0.020833 0.717593 0.040625 0.114815
0 0.026823 0.831944 0.052604 0.104630
2 0.245573 0.124537 0.125521 0.228704
2 0.227344 0.784259 0.124479 0.142593
2 0.333073 0.889352 0.148438 0.180556
