4 0.391927 0.601389 0.086979 0.797222
3 0.661458 0.530093 0.043750 0.119444
3 0.655990 0.260185 0.057813 0.303704
4 0.313021 0.364815 0.054167 0.709259
4 0.182031 0.507870 0.143229 0.254630
4 0.072917 0.252315 0.137500 0.226852
4 0.213542 0.086574 0.083333 0.171296
2 0.250781 0.291667 0.125521 0.244444
2 0.228906 0.949074 0.113021 0.101852
0 0.131510 0.730093 0.107813 0.128704
0 0.533594 0.879167 0.092188 0.123148
0 0.040625 0.799537 0.041667 0.091667
0 0.019010 0.882870 0.036979 0.100926
0 0.028385 0.977778 0.055729 0.044444
