2 0.340885 0.893056 0.124479 0.213889
2 0.237760 0.807870 0.106771 0.117593
2 0.240885 0.132870 0.105729 0.263889
4 0.395313 0.451852 0.090625 0.901852
4 0.111719 0.298611 0.222396 0.325000
4 0.312240 0.279630 0.055729 0.557407
0 0.519271 0.726852 0.085417 0.109259
0 0.551562 0.954167 0.194792 0.091667
0 0.142708 0.599074 0.126042 0.155556
0 0.035937 0.656481 0.056250 0.085185
0 0.020313 0.727778 0.039583 0.092593
0 0.027604 0.850000 0.054167 0.083333
3 0.654167 0.388889 0.045833 0.111111
3 0.651302 0.131481 0.064062 0.261111
