4 0.420833 0.236111 0.100000 0.470370
4 0.178125 0.563426 0.103125 0.126852
4 0.107813 0.895370 0.214583 0.209259
4 0.356250 0.733333 0.077083 0.250000
2 0.245312 0.832870 0.093750 0.139815
2 0.240104 0.685648 0.098958 0.102778
2 0.252865 0.371759 0.129688 0.104630
2 0.371094 0.464352 0.104688 0.213889
2 0.751823 0.869907 0.098437 0.217593
0 0.544792 0.302315 0.093750 0.119444
0 0.576823 0.667130 0.190104 0.400926
0 0.091927 0.701389 0.123438 0.204630
0 0.163281 0.141667 0.102604 0.135185
0 0.072396 0.192130 0.048958 0.087963
0 0.046354 0.394907 0.061458 0.099074
0 0.040365 0.279630 0.051562 0.107407
3 0.685417 0.026852 0.041667 0.051852
