0 0.116146 0.192130 0.152083 0.225000
0 0.610677 0.107407 0.086979 0.157407
0 0.586198 0.433796 0.178646 0.410185
2 0.244010 0.415741 0.101562 0.118519
2 0.413802 0.141204 0.108854 0.189815
2 0.693490 0.772222 0.107813 0.157407
2 0.632552 0.936111 0.144271 0.127778
4 0.350781 0.386111 0.053646 0.296296
4 0.218490 0.094907 0.116146 0.187963
4 0.086979 0.530556 0.172917 0.351852
4 0.332292 0.876389 0.291667 0.247222
3 0.614323 0.769907 0.050521 0.086111
3 0.466146 0.624074 0.067708 0.111111
6 0.403906 0.245370 0.017188 0.075926
4 0.479687 0.073148 0.110417 0.144444
