2 0.288281 0.680556 0.093229 0.324074
2 0.210677 0.758333 0.088021 0.285185
2 0.128906 0.902315 0.125521 0.193519
2 0.368750 0.374074 0.132292 0.242593
2 0.484115 0.504630 0.122396 0.192593
2 0.936458 0.106944 0.127083 0.202778
6 0.452865 0.195370 0.040104 0.044444
0 0.946875 0.493519 0.104167 0.227778
0 0.761719 0.374074 0.246354 0.412963
3 0.515365 0.349074 0.070312 0.114815
3 0.645052 0.095833 0.086979 0.126852
5 0.068490 0.270370 0.135937 0.538889
5 0.175781 0.150000 0.098437 0.298148
4 0.088021 0.683333 0.132292 0.198148
4 0.192969 0.457407 0.077604 0.275926
4 0.263281 0.321296 0.049479 0.329630
4 0.365104 0.119444 0.130208 0.237037
