3 0.651563 0.268056 0.071875 0.310185
3 0.657031 0.557407 0.048438 0.138889
4 0.402344 0.591667 0.105729 0.816667
4 0.308333 0.400000 0.061458 0.788889
4 0.163281 0.482870 0.185938 0.371296
4 0.060417 0.268981 0.097917 0.299074
4 0.202083 0.098148 0.127083 0.194444
2 0.240625 0.306481 0.151042 0.261111
2 0.239063 0.950463 0.114583 0.099074
0 0.022656 0.897222 0.044271 0.098148
0 0.530208 0.885185 0.093750 0.120370
0 0.138802 0.762963 0.122396 0.133333
0 0.046615 0.812037 0.053646 0.092593
6 0.360938 0.391204 0.022917 0.036111
