0 0.797135 0.523611 0.301563 0.465741
4 0.730990 0.289352 0.074479 0.095370
3 0.744792 0.198611 0.100000 0.091667
3 0.554427 0.329630 0.096354 0.074074
2 0.479687 0.506019 0.166667 0.182407
2 0.410156 0.224074 0.138021 0.211111
6 0.487760 0.146759 0.034896 0.052778
2 0.248438 0.393056 0.096875 0.228704
2 0.153646 0.459722 0.083333 0.143519
2 0.053906 0.750463 0.097396 0.184259
4 0.084635 0.320370 0.147396 0.288889
4 0.209896 0.194907 0.096875 0.293519
4 0.294792 0.135185 0.071875 0.261111
4 0.390104 0.084722 0.140625 0.162037
5 0.077083 0.083796 0.153125 0.143519
0 0.946875 0.877315 0.106250 0.182407
