3 0.484115 0.712963 0.078646 0.112963
3 0.646094 0.803241 0.072396 0.089815
0 0.579688 0.522222 0.193750 0.438889
0 0.580990 0.149074 0.092188 0.150000
0 0.080990 0.404167 0.160938 0.208333
0 0.087240 0.074074 0.071354 0.090741
2 0.236198 0.590741 0.133854 0.111111
2 0.235937 0.416204 0.098958 0.123148
2 0.391406 0.241667 0.101562 0.250000
2 0.284896 0.123148 0.103125 0.129630
2 0.731510 0.783333 0.104688 0.216667
6 0.386198 0.271296 0.022396 0.066667
4 0.198177 0.281019 0.129688 0.150926
4 0.340885 0.509259 0.073438 0.294444
