2 0.242188 0.728704 0.108333 0.111111
2 0.236198 0.563426 0.098437 0.104630
2 0.265625 0.248148 0.114583 0.109259
2 0.379167 0.362500 0.107292 0.197222
2 0.738802 0.828241 0.113021 0.206481
0 0.574219 0.586111 0.195312 0.392593
0 0.091667 0.550926 0.157292 0.192593
0 0.069531 0.234722 0.054688 0.078704
0 0.062500 0.130556 0.068750 0.101852
0 0.097396 0.047222 0.047917 0.092593
0 0.189583 0.036574 0.114583 0.071296
0 0.559896 0.240741 0.089583 0.114815
4 0.438281 0.183796 0.105729 0.365741
4 0.091667 0.825926 0.182292 0.348148
4 0.353385 0.635648 0.073438 0.267593
4 0.187500 0.435648 0.123958 0.156481
