6 0.386198 0.282870 0.030729 0.071296
4 0.189323 0.313889 0.122396 0.161111
4 0.342187 0.524074 0.057292 0.287037
4 0.086979 0.783796 0.172917 0.432407
4 0.446094 0.149537 0.120313 0.297222
0 0.097656 0.435185 0.158854 0.214815
0 0.574740 0.524537 0.198437 0.391667
0 0.575260 0.177778 0.085938 0.153704
2 0.287240 0.155556 0.110937 0.090741
2 0.234115 0.454167 0.081771 0.095370
2 0.739323 0.800926 0.096354 0.188889
2 0.242969 0.618981 0.104688 0.112037
2 0.381250 0.270833 0.094792 0.206481
6 0.384896 0.284722 0.025000 0.063889
3 0.643229 0.818519 0.075000 0.088889
3 0.485938 0.720370 0.064583 0.085185
