0 0.087240 0.919907 0.076563 0.099074
0 0.596875 0.362963 0.211458 0.466667
0 0.664323 0.055556 0.100521 0.109259
2 0.251042 0.206944 0.112500 0.147222
2 0.667448 0.721296 0.108854 0.188889
2 0.596354 0.907407 0.137500 0.185185
3 0.584635 0.690278 0.060937 0.115741
3 0.453125 0.488426 0.059375 0.130556
6 0.419531 0.211574 0.025521 0.071296
4 0.246354 0.675000 0.252083 0.318519
4 0.433073 0.884722 0.155729 0.230556
4 0.074740 0.217130 0.148438 0.432407
2 0.272917 0.050000 0.054167 0.075926
4 0.374479 0.192130 0.062500 0.267593
