6 0.364063 0.356944 0.013542 0.043519
4 0.407813 0.273611 0.120833 0.545370
2 0.249479 0.477315 0.095833 0.113889
2 0.239323 0.780556 0.078646 0.111111
2 0.369792 0.562500 0.107292 0.202778
2 0.259635 0.930093 0.083854 0.139815
2 0.755729 0.914815 0.075000 0.170370
0 0.101302 0.815278 0.130729 0.195370
0 0.541406 0.400463 0.102604 0.130556
0 0.576042 0.738889 0.177083 0.351852
0 0.056510 0.318056 0.041146 0.082407
0 0.155469 0.256019 0.131771 0.134259
0 0.030990 0.400000 0.060937 0.094444
0 0.045833 0.517130 0.044792 0.082407
1 0.019531 0.137500 0.038021 0.073148
4 0.181510 0.690741 0.103646 0.168519
4 0.106250 0.945370 0.211458 0.109259
4 0.361719 0.834259 0.090104 0.251852
3 0.670833 0.080556 0.043750 0.116667
