     0/199     7.38G   0.07194   0.02598   0.02258    0.1205         0       640  0.001647    0.1231  0.001656 0.0003508   0.09762   0.03205   0.02209
     1/199     7.42G   0.06886   0.02275   0.02203    0.1136         3       640  0.003204     0.125 0.0009909 0.0002731   0.09468    0.0322   0.02172
     2/199     7.42G   0.06633   0.02253   0.02104    0.1099         0       640  0.001919    0.0349 0.0003172 5.738e-05   0.09651   0.03103   0.02341
     3/199     7.42G   0.06852   0.02187   0.02093    0.1113        13       640  0.009462   0.01045   0.00119 0.0001955   0.09717   0.03012    0.0236
     4/199     7.42G   0.06864    0.0229   0.02043     0.112        14       640  0.004265   0.01858  0.002286 0.0009351   0.09984   0.02875   0.02253
     5/199     7.42G   0.06645   0.02313   0.01983    0.1094         2       640  0.004458   0.01858 0.0006516 0.0001978    0.1001   0.02864   0.02299
     6/199     7.42G   0.06711   0.02259   0.01942    0.1091         1       640   0.01874   0.00813  0.001835 0.0002892   0.09789   0.02947   0.02165
     7/199     7.42G    0.0668   0.02185   0.01937     0.108         5       640   0.00156    0.0302 0.0002039  3.79e-05   0.09966   0.03039   0.02498
     8/199     7.42G   0.06668    0.0221   0.01932    0.1081        10       640  0.006033   0.01394 0.0006985 0.0001577   0.09915   0.02914    0.0244
     9/199     7.42G   0.06709    0.0237   0.01896    0.1097         5       640  0.007225   0.01858 0.0009881 0.0001636   0.09886   0.02884   0.02203
    10/199     7.42G   0.06649   0.02178   0.01906    0.1073         1       640   0.02096   0.01394  0.002091 0.0005652   0.09578      0.03    0.0215
    11/199     7.42G   0.06691   0.02328   0.01869    0.1089        41       640    0.6768   0.01858  0.001672 0.0003015    0.0964   0.02987   0.01943
    12/199     7.42G   0.06688   0.02228   0.01827    0.1074        10       640     0.338   0.02787  0.000888 0.0001881    0.0947   0.03066   0.01895
    13/199     7.42G   0.06431   0.02306   0.01743    0.1048         1       640     0.337    0.0151 0.0007719 0.0001319   0.09086   0.03219   0.01814
    14/199     7.42G   0.06444   0.02284    0.0168    0.1041         9       640    0.6726   0.05923  0.002573 0.0004346   0.08818   0.03078   0.01867
    15/199     7.42G   0.06391   0.02283   0.01636    0.1031        20       640    0.6865   0.06272   0.01157  0.002132   0.09376   0.02752   0.01939
    16/199     7.42G   0.06298   0.02134   0.01619    0.1005         1       640    0.3413     0.036  0.004019 0.0007593   0.09087   0.03078   0.01761
    17/199     7.42G   0.06278   0.02265    0.0157    0.1011         3       640    0.6971   0.02904   0.01354  0.003394   0.08778   0.03161   0.01794
    18/199     7.42G   0.06308   0.02175   0.01631    0.1011         1       640    0.3392   0.02555  0.002515 0.0004324   0.09586   0.03178   0.02056
    19/199     7.42G   0.06263   0.02093   0.01573   0.09929         0       640  0.004498    0.3062     0.002 0.0003505    0.1056    0.4959    0.1449
    20/199     7.42G   0.06227   0.02182    0.0149   0.09899        36       640    0.3654    0.0302   0.01316  0.002419   0.08629   0.03353   0.01912
    21/199     7.42G   0.06207   0.01991   0.01418   0.09616         1       640    0.7654   0.03833   0.04006  0.007947    0.0832   0.03107   0.01676
    22/199     7.42G   0.06185   0.02049   0.01446    0.0968         4       640    0.3603     0.253   0.02245  0.004216   0.08768   0.02868   0.02496
    23/199     7.42G   0.06154   0.02282   0.01388   0.09824        14       640    0.4073   0.07666   0.04726   0.01041   0.08548   0.02993   0.02268
    24/199     7.42G   0.06135   0.02033   0.01336   0.09504         6       640    0.5743    0.1592    0.1215   0.02646   0.08348    0.0294   0.01486
    25/199     7.42G     0.061   0.02073    0.0127   0.09443         1       640     0.725   0.07595   0.03547   0.01062   0.08904    0.0299   0.01681
    26/199     7.42G   0.06082   0.01948   0.01186   0.09215        14       640    0.4582    0.2387   0.09702   0.02052   0.08271   0.02993    0.0136
    27/199     7.42G   0.06082   0.02076   0.01195   0.09354        44       640     0.434    0.1567   0.05277    0.0101   0.08301   0.03166   0.01459
    28/199     7.42G   0.06092   0.01885   0.01114   0.09091         4       640   0.04775    0.4108   0.05431   0.01205   0.08488   0.03248   0.01476
    29/199     7.42G   0.06133   0.02046   0.01128   0.09307         3       640    0.5059    0.2565     0.165   0.03864   0.07693   0.03236   0.01178
    30/199     7.42G   0.05911   0.02208  0.009752   0.09095        51       640   0.09254     0.535   0.06951   0.01445   0.08153   0.03263   0.01461
    31/199     7.42G   0.05917   0.01925  0.009295   0.08772         4       640     0.555    0.2192    0.1522   0.03744   0.07962    0.0307    0.0106
    32/199     7.42G    0.0592   0.02148  0.009233   0.08991         4       640    0.1157    0.2722    0.1151   0.02764   0.08377   0.03091   0.01334
    33/199     7.42G    0.0588    0.0199  0.009898    0.0886         6       640    0.1226    0.6208    0.2099   0.05265   0.08184   0.02969   0.01169
    34/199     7.42G   0.05876   0.02008  0.009135   0.08798         4       640    0.1988    0.3589     0.194   0.04882    0.0786   0.03128  0.009003
    35/199     7.42G   0.05893   0.02033  0.008662   0.08791         8       640    0.3123    0.3268    0.2491   0.07533   0.07684   0.03197  0.008925
    36/199     7.42G   0.05949   0.02032  0.008591    0.0884         3       640    0.2588    0.3583    0.2014   0.04639   0.07964   0.03085   0.01035
    37/199     7.42G   0.05804   0.01917  0.008711   0.08592         7       640    0.1955    0.3114    0.1618   0.04044   0.07517   0.03632  0.007849
    38/199     7.42G   0.05715   0.01943  0.008054   0.08463         1       640    0.1989    0.4557    0.2477   0.07412   0.07419   0.03628  0.007445
    39/199     7.42G   0.05822   0.01974  0.007657   0.08561         9       640    0.1791    0.3156    0.1499   0.03185   0.08041   0.03761   0.01205
    40/199     7.42G   0.05755   0.02025  0.008044   0.08584         8       640    0.1321    0.3356    0.1574   0.03517   0.07998   0.03165   0.01017
    41/199     7.42G   0.05629   0.02043  0.007557   0.08428         5       640    0.1613    0.3922    0.1614   0.03702   0.07938    0.0324    0.0091
    42/199     7.42G   0.05634   0.01959  0.008027   0.08396         2       640    0.1973    0.4834     0.198   0.05039   0.07827   0.03224  0.007795
    43/199     7.42G   0.05615   0.01896  0.007733   0.08284        10       640    0.2331    0.3526    0.1786   0.04382   0.08053   0.03289  0.008732
    44/199     7.42G   0.05631   0.02034  0.007274   0.08393         2       640     0.226    0.2376    0.1488   0.03644   0.07826     0.032   0.01074
    45/199     7.42G   0.05659   0.01986   0.00729   0.08374         6       640    0.3041     0.348    0.2272   0.06087   0.07546   0.03232  0.006584
    46/199     7.42G    0.0552   0.02047  0.006784   0.08246         4       640    0.3427     0.376    0.2685   0.06768   0.07451   0.03165  0.006616
    47/199     7.42G   0.05479   0.02053  0.006583    0.0819         5       640    0.3734     0.376    0.2537   0.07321   0.07375   0.03268  0.007103
    48/199     7.42G   0.05576   0.01928  0.007156   0.08219         5       640     0.262    0.4096    0.2727   0.07519   0.07298   0.03445  0.009578
    49/199     7.42G   0.05534   0.02039  0.006234   0.08197        17       640    0.2735    0.4119    0.2415   0.06461   0.07416   0.03299  0.006692
    50/199     7.42G   0.05416    0.0198  0.006621   0.08058         1       640    0.4251    0.4198    0.3585    0.1097   0.07121   0.03311  0.007126
    51/199     7.42G    0.0546     0.019  0.006329   0.07993         7       640    0.3777    0.3873    0.2941   0.07121   0.07335   0.03276  0.006869
    52/199     7.42G   0.05481   0.01909  0.006873   0.08077         2       640    0.3348    0.4082    0.3034   0.08749   0.07468   0.03172   0.01134
    53/199     7.42G   0.05413   0.01972  0.006911   0.08077         2       640    0.3026    0.3496    0.2411    0.0681   0.07641   0.03156   0.04091
    54/199     7.42G   0.05448   0.02001  0.005947   0.08044        17       640    0.3752    0.3752    0.2553   0.08526   0.07177   0.03191  0.008834
    55/199     7.42G   0.05465   0.01903  0.006084   0.07976         7       640    0.4446    0.5007    0.3733    0.1117   0.06978   0.03263  0.006526
    56/199     7.42G   0.05362   0.02123  0.006079   0.08093        34       640    0.3668    0.4268    0.3261    0.1104   0.07055   0.03367  0.005697
    57/199     7.42G   0.05302   0.02001  0.005799   0.07884         3       640    0.3585    0.3471    0.2533   0.07647   0.07177   0.03522  0.006215
    58/199     7.42G   0.05443   0.02008  0.005923   0.08043        36       640    0.3911     0.422    0.3355    0.1103   0.07102   0.03293  0.006384
    59/199     7.42G   0.05321   0.01864    0.0058   0.07764         9       640    0.3574    0.4655    0.3372   0.09716   0.07199   0.03265   0.00591
    60/199     7.42G    0.0536   0.01826  0.005686   0.07755        11       640    0.3857    0.5299    0.3819    0.1003   0.06905   0.03297  0.005877
    61/199     7.42G   0.05408   0.01989  0.006047   0.08002        16       640    0.4821    0.3763    0.4309    0.1509   0.06579   0.03382  0.005971
    62/199     7.42G   0.05352   0.01939  0.005128   0.07804        11       640    0.3917    0.4565    0.3641     0.103   0.07076   0.03288  0.005648
    63/199     7.42G   0.05361   0.01952  0.005457   0.07859         6       640    0.4713    0.4705    0.4202    0.1332   0.06812   0.03257  0.008021
    64/199     7.42G   0.05238   0.01884  0.005237   0.07645         1       640    0.3172    0.4523    0.3394   0.09858   0.07065   0.03432  0.007017
    65/199     7.42G   0.05296   0.01956  0.005264   0.07778         6       640    0.4092    0.5221    0.4442    0.1445   0.06676   0.03302  0.006036
    66/199     7.42G   0.05255    0.0201  0.005788   0.07844        41       640    0.2792    0.5165    0.2334   0.07152   0.06829   0.05113  0.006571
    67/199     7.42G   0.05371   0.02041   0.00581   0.07994        29       640    0.3782    0.5069    0.3232    0.1038   0.06712   0.03542  0.006082
    68/199     7.42G   0.05223   0.01926  0.005326   0.07682         3       640    0.4551     0.507    0.4314    0.1514   0.06571    0.0337  0.005451
    69/199     7.42G   0.05211   0.01937  0.005267   0.07674         3       640    0.4646    0.4614    0.4116    0.1448    0.0661   0.03297  0.005401
    70/199     7.42G   0.05182   0.01981  0.005129   0.07676        13       640    0.4352    0.5363    0.4121    0.1423   0.06801   0.03257  0.005132
    71/199     7.42G   0.05041   0.01911  0.005194   0.07472         1       640    0.4434    0.5124    0.4382    0.1331   0.06721   0.03539  0.005606
    72/199     7.42G   0.05193   0.01995   0.00496   0.07685         7       640    0.4856    0.4802    0.4266    0.1361    0.0668   0.03288  0.006089
    73/199     7.42G   0.05164   0.01955  0.005035   0.07623         3       640     0.526    0.4729    0.4308    0.1448   0.06749   0.03218  0.005355
    74/199     7.42G   0.05207   0.01904  0.005009   0.07612        25       640    0.4049    0.5035    0.4194    0.1144   0.06861   0.03345  0.005594
    75/199     7.42G   0.05072   0.01926  0.004938   0.07492         5       640    0.4932    0.5831    0.5067    0.1797   0.06514   0.03294  0.005337
    76/199     7.42G   0.05031   0.01769  0.004626   0.07263         1       640    0.4364    0.5436    0.4489    0.1466   0.06796   0.03252  0.005766
    77/199     7.42G   0.05112   0.01985  0.005068   0.07604        51       640    0.4237     0.562    0.4564    0.1469   0.06661   0.03337  0.005938
    78/199     7.42G   0.05057   0.01901   0.00456   0.07413         1       640    0.4367    0.4719    0.4076    0.1424   0.06808    0.0336  0.005952
    79/199     7.42G   0.05119   0.01873  0.005007   0.07492         3       640    0.4001    0.5214    0.4338    0.1496   0.06527   0.03458  0.005552
    80/199     7.42G   0.05064   0.01775  0.004764   0.07315         6       640    0.3918    0.5929    0.4479    0.1425   0.06524   0.03263  0.005366
    81/199     7.42G   0.05075    0.0183  0.004823   0.07387         4       640    0.3497    0.4974    0.3929    0.1371   0.06685   0.03241  0.006466
    82/199     7.42G   0.05096   0.01931  0.004746   0.07502        11       640    0.3958    0.5854    0.4602    0.1706   0.06492   0.03286  0.005203
    83/199     7.42G   0.05062   0.01895  0.005219   0.07479         3       640    0.4288    0.5912    0.4601    0.1564   0.06422   0.03403  0.005637
    84/199     7.42G   0.04941   0.01953  0.004763   0.07371         4       640    0.4497     0.567    0.4755      0.15   0.06688   0.03397  0.007189
    85/199     7.42G   0.05049   0.01825  0.004822   0.07356        15       640    0.4713    0.5692    0.4607    0.1591   0.06567   0.03398  0.005969
    86/199     7.42G   0.05026   0.01903   0.00487   0.07416        16       640    0.4177    0.6191    0.4579    0.1698   0.06441   0.03374  0.005479
    87/199     7.42G   0.05056   0.01858  0.004934   0.07408         6       640    0.4041    0.6455    0.4908    0.1733   0.06412   0.03307  0.005204
    88/199     7.42G   0.04976   0.02011  0.005239   0.07511        21       640    0.4801    0.5954    0.5192    0.1937   0.06373   0.03351  0.005011
    89/199     7.42G   0.04934   0.01863  0.004178   0.07215         2       640    0.4122    0.6583    0.5318    0.1911    0.0629   0.03267  0.004813
    90/199     7.42G   0.05006   0.01978  0.004805   0.07464         3       640    0.5363    0.5768    0.5453    0.2019   0.06346   0.03225  0.007678
    91/199     7.42G   0.04899   0.01898  0.004405   0.07238         7       640    0.4997    0.5825    0.5051    0.1914   0.06363   0.03364  0.005204
    92/199     7.42G   0.04923   0.01927  0.004211   0.07271        10       640    0.4999    0.6055    0.5213    0.1942   0.06323    0.0323  0.004906
    93/199     7.42G   0.04851   0.01884  0.004448    0.0718         3       640    0.4999    0.6286    0.5245    0.1877   0.06362   0.03312  0.005025
    94/199     7.42G   0.04896   0.01874  0.004185   0.07189         9       640     0.547    0.5554    0.5281    0.2004   0.06432   0.03254  0.005436
    95/199     7.42G    0.0482   0.01916  0.004137    0.0715        15       640    0.5019    0.5575    0.5161    0.1812   0.06296   0.03344  0.005248
    96/199     7.42G    0.0486   0.01817  0.004179   0.07095         2       640    0.4548     0.596    0.5524    0.2033   0.06271    0.0341  0.004949
    97/199     7.42G   0.04823   0.01903  0.003963   0.07122        17       640    0.4633    0.5558    0.4872    0.2054   0.06423   0.03334  0.005108
    98/199     7.42G   0.04902   0.01853   0.00409   0.07163         4       640    0.4973    0.6063    0.5289    0.2062   0.06186   0.03281  0.005018
    99/199     7.42G     0.049   0.01925  0.004302   0.07255         1       640    0.5193    0.5655     0.525    0.2083   0.06395   0.03197  0.004781
   100/199     7.42G    0.0488   0.01959  0.005051   0.07345         1       640    0.4821    0.6345    0.5714    0.2288   0.06237   0.03325  0.005341
   101/199     7.42G   0.04903   0.01694  0.004502   0.07047         1       640    0.4713    0.6117    0.5506    0.2131   0.06175   0.03362  0.005182
   102/199     7.42G   0.04825   0.01864  0.003949   0.07085         4       640    0.5655    0.5737    0.5557    0.2297   0.06214   0.03306  0.005271
   103/199     7.42G   0.04883   0.01877  0.004218   0.07181        25       640    0.5521    0.5033    0.5108    0.2065   0.06249   0.03331  0.006207
   104/199     7.42G   0.04841   0.01883  0.004543   0.07179        14       640     0.511    0.5623    0.5132    0.2115   0.06153   0.03544  0.005799
   105/199     7.42G   0.04764   0.01842  0.003991   0.07006         0       640     0.474    0.6246    0.5591    0.2328   0.06153   0.03339  0.005199
   106/199     7.42G   0.04786   0.01935  0.004401   0.07161        10       640    0.5381    0.6211     0.578    0.2329   0.06291   0.03151  0.004968
   107/199     7.42G   0.04799   0.01945  0.004107   0.07155         0       640    0.5163    0.6235    0.5673    0.2402    0.0617   0.03179  0.004913
   108/199     7.42G    0.0471   0.01861  0.004069   0.06979         2       640     0.547    0.6264    0.5941    0.2347   0.06109   0.03231  0.005611
   109/199     7.42G   0.04786   0.01889  0.004299   0.07105         3       640    0.5676    0.6213    0.6012    0.2454   0.06098   0.03294  0.005416
   110/199     7.42G   0.04773   0.01839  0.004052   0.07018         5       640    0.5784    0.6353    0.6013    0.2431   0.06246   0.03306  0.004943
   111/199     7.42G   0.04848   0.01779  0.003987   0.07026        15       640    0.5567    0.6474    0.6051    0.2437   0.06218   0.03279  0.005296
   112/199     7.42G   0.04802   0.01805  0.004341   0.07041         3       640    0.5625    0.6225    0.5769    0.2189   0.06328   0.03386  0.006228
   113/199     7.42G   0.04838   0.01841  0.004196   0.07099         6       640     0.486    0.6602    0.5847     0.234   0.06149   0.03273  0.005173
   114/199     7.42G   0.04721   0.01912  0.003425   0.06975         8       640    0.5019    0.6079    0.5818    0.2425   0.06096   0.03414   0.00498
   115/199     7.42G   0.04759   0.01877  0.004006   0.07037        30       640    0.6128    0.6117    0.6084    0.2639   0.06149    0.0322  0.005303
   116/199     7.42G   0.04771   0.01795  0.003832    0.0695        12       640    0.6592    0.5968    0.6298    0.2656   0.06224   0.03186  0.005061
   117/199     7.42G   0.04804   0.01839  0.003847   0.07027         1       640    0.4682    0.6795     0.553    0.2312   0.06088   0.03273  0.005479
   118/199     7.42G    0.0471   0.01778  0.004311    0.0692         2       640     0.418    0.6535    0.5136    0.2239   0.06086   0.03334  0.005321
   119/199     7.42G   0.04726   0.01832  0.003818    0.0694        24       640    0.5168    0.6391    0.5449    0.2313   0.06082   0.03277  0.005163
   120/199     7.42G   0.04641   0.01774  0.003431   0.06758         1       640    0.6673    0.5886    0.5758    0.2432   0.06101   0.03243  0.004985
   121/199     7.42G   0.04697   0.01819   0.00434    0.0695         2       640    0.6088    0.6215    0.5867    0.2433   0.06044   0.03262  0.004975
   122/199     7.42G    0.0467   0.01894   0.00382   0.06946         7       640    0.6427    0.6028    0.6079    0.2619   0.06138   0.03193  0.004867
   123/199     7.42G   0.04612    0.0176  0.004088   0.06781         9       640    0.5734    0.5492    0.5196    0.2124   0.06504   0.03333  0.007391
   124/199     7.42G   0.04638   0.01824  0.003913   0.06853         4       640    0.5793    0.6258    0.6028    0.2565   0.06095   0.03386  0.004784
   125/199     7.42G   0.04672   0.01763  0.003874   0.06822         2       640    0.5923    0.6292    0.6016     0.249   0.06221    0.0317  0.004977
   126/199     7.42G   0.04577    0.0179  0.003268   0.06694         3       640    0.6502    0.6488    0.6354    0.2735   0.06149   0.03243  0.004842
   127/199     7.42G    0.0466   0.01784  0.003486   0.06792         6       640    0.6594    0.6341    0.6432    0.2915    0.0596   0.03287  0.004716
   128/199     7.42G   0.04629   0.01865  0.004033   0.06898         3       640    0.6716    0.6803    0.7029    0.2915   0.05875   0.03123  0.004735
   129/199     7.42G   0.04518   0.01869  0.003742   0.06762        10       640    0.7142    0.6134     0.636    0.2604   0.06008   0.03129  0.004854
   130/199     7.42G   0.04626   0.01747  0.003814   0.06754        21       640    0.6246    0.6699    0.6662    0.2912   0.05924   0.03281  0.005059
   131/199     7.42G   0.04595   0.01761  0.003652   0.06721         6       640     0.628    0.6568    0.6237    0.2571   0.06011    0.0324  0.004691
   132/199     7.42G   0.04572   0.01761  0.003854   0.06719         7       640    0.6438    0.6803    0.6766    0.3021    0.0581   0.03178  0.004773
   133/199     7.42G   0.04479    0.0193  0.003646   0.06773         6       640     0.677    0.6423    0.6303    0.2581    0.0603   0.03213  0.004777
   134/199     7.42G    0.0448   0.01743  0.004385   0.06662         1       640    0.5571    0.6626    0.5563    0.2343   0.06054   0.03414  0.004322
   135/199     7.42G   0.04478   0.01768  0.003847    0.0663         8       640     0.609    0.6614    0.5949    0.2683   0.05883   0.03394  0.004603
   136/199     7.42G   0.04511   0.01785  0.003843   0.06681         2       640    0.6717    0.6233    0.6107    0.2673   0.05892   0.03309  0.004588
   137/199     7.42G   0.04641   0.01823    0.0037   0.06833         4       640    0.5738    0.6327    0.5527    0.2521   0.05899   0.03441  0.004569
   138/199     7.42G   0.04541   0.01725  0.004052    0.0667         3       640    0.5003    0.6315    0.4876    0.2143   0.06098   0.03858  0.004472
   139/199     7.42G   0.04496   0.01787  0.003407   0.06623        15       640    0.5092    0.6685    0.5307    0.2252   0.05965   0.04456   0.00428
   140/199     7.42G   0.04613   0.01715  0.003979   0.06726        20       640    0.5444    0.6572    0.5261    0.2358   0.05957   0.04099  0.004373
   141/199     7.42G   0.04411   0.01707  0.003519    0.0647         0       640    0.5903    0.7029    0.5723    0.2574   0.05897   0.03473  0.004608
   142/199     7.42G   0.04504   0.01644  0.003488   0.06496         3       640    0.5555    0.6971    0.5634     0.261   0.05741   0.03715   0.00444
   143/199     7.42G    0.0452   0.01752  0.003945   0.06666         5       640    0.5022    0.6961      0.55    0.2268   0.06015   0.03658  0.004895
   144/199     7.42G   0.04528   0.01809  0.003337    0.0667        17       640    0.5569    0.6751    0.5495    0.2385   0.05971   0.03665  0.004536
   145/199     7.42G   0.04453   0.01778  0.003585   0.06589         6       640    0.5655    0.6804    0.5629    0.2694   0.05843   0.03494  0.004563
   146/199     7.42G   0.04448   0.01803  0.003964   0.06648         1       640    0.5988    0.6561    0.5868    0.2752   0.05778   0.03353  0.004634
   147/199     7.42G   0.04448   0.01675  0.003318   0.06454         2       640    0.6486    0.6656    0.6249    0.2849   0.05652   0.03293  0.004662
   148/199     7.42G   0.04587    0.0179  0.003681   0.06745         5       640    0.6681    0.6565    0.6206    0.2826   0.05835   0.03213  0.004326
   149/199     7.42G   0.04535   0.01778  0.003584   0.06671         5       640     0.643    0.6728     0.609    0.2782   0.05888   0.03184  0.004416
   150/199     7.42G   0.04417   0.01738  0.003489   0.06504         7       640    0.6906    0.6443    0.6187    0.2846   0.05864   0.03256  0.004313
   151/199     7.42G   0.04357   0.01702   0.00317   0.06376        25       640    0.6643    0.6839    0.6515    0.2972   0.05786   0.03224  0.004369
   152/199     7.42G   0.04449   0.01895   0.00342   0.06686         4       640    0.6104    0.6763     0.595    0.2828   0.05894     0.032  0.004535
   153/199     7.42G   0.04468   0.01694   0.00372   0.06534         0       640    0.6573    0.6984    0.6425    0.2935   0.05797   0.03209  0.004161
   154/199     7.42G   0.04371   0.01785   0.00333   0.06489         4       640    0.6325     0.704    0.6452    0.2844   0.05798   0.03265  0.004436
   155/199     7.42G   0.04403   0.01824  0.003542   0.06581         1       640    0.6845    0.6181    0.6177     0.285   0.05907   0.03268  0.004821
   156/199     7.42G   0.04378   0.01764  0.003345   0.06477         0       640    0.5622    0.7207    0.6231     0.306   0.05698   0.03214  0.004618
   157/199     7.42G   0.04309   0.01908  0.003592   0.06577         3       640     0.665    0.6811    0.6436    0.3093   0.05679   0.03275  0.004567
   158/199     7.42G   0.04449   0.01806  0.003532   0.06608         5       640    0.5689    0.7371    0.6244     0.298   0.05739   0.03387  0.004777
   159/199     7.42G   0.04354   0.01694  0.003185   0.06366         0       640    0.6749     0.674    0.6473    0.3098   0.05771   0.03235  0.004704
   160/199     7.42G   0.04317   0.01601  0.003286   0.06246         0       640    0.6566    0.7002    0.6595    0.3153   0.05713   0.03269  0.004486
   161/199     7.42G   0.04402   0.01665  0.003833    0.0645         3       640    0.6751    0.6821    0.6604    0.3136    0.0566   0.03326  0.004352
   162/199     7.42G   0.04299   0.01792  0.003275   0.06419         8       640    0.6665    0.6691     0.631    0.2936   0.05757   0.03307  0.004458
   163/199     7.42G   0.04344   0.01743  0.003493   0.06437         1       640     0.659    0.7315    0.6484    0.3116   0.05688   0.03232  0.004327
   164/199     7.42G   0.04311   0.01801  0.003091   0.06421         1       640    0.6505    0.7078    0.6326    0.3003   0.05684   0.03359  0.004306
   165/199     7.42G   0.04361   0.01765  0.003583   0.06484        15       640    0.6648    0.7189    0.6483    0.3033   0.05644   0.03278  0.004169
   166/199     7.42G   0.04296   0.01839  0.003249    0.0646        19       640    0.6079    0.6568    0.5804    0.2726   0.05863    0.0328   0.00426
   167/199     7.42G   0.04453   0.01622  0.003294   0.06404        24       640    0.6082    0.6808    0.6028    0.2886   0.05639   0.03326  0.004165
   168/199     7.42G   0.04355   0.01689  0.003199   0.06364         7       640    0.5907    0.6864    0.5818    0.2823   0.05638   0.03356  0.004098
   169/199     7.42G   0.04373   0.01614  0.003572   0.06345         3       640    0.5948    0.6893    0.5953    0.2805    0.0565   0.03339  0.004345
   170/199     7.42G   0.04297   0.01719  0.003398   0.06356         0       640    0.5777    0.7048    0.5712    0.2563    0.0581   0.03319   0.00458
   171/199     7.42G   0.04332   0.01669  0.003469   0.06348        12       640    0.6565    0.7009    0.6322    0.2985   0.05735   0.03245  0.004184
   172/199     7.42G     0.043    0.0174  0.002962   0.06336         2       640    0.6532    0.7107    0.6293    0.2945   0.05654   0.03259  0.004321
   173/199     7.42G   0.04351   0.01736  0.003514   0.06438         3       640    0.6228    0.7303    0.6381      0.32   0.05518   0.03254  0.004083
   174/199     7.42G   0.04235   0.01678   0.00319   0.06232         6       640     0.681    0.7152    0.6824    0.3089   0.05616   0.03221  0.004275
   175/199     7.42G   0.04379   0.01777  0.003278   0.06484        13       640    0.7419    0.7029    0.6789    0.3194   0.05649   0.03208   0.00417
   176/199     7.42G   0.04218   0.01734  0.003527   0.06305         1       640    0.6432    0.7048    0.6372       0.3   0.05709   0.03255  0.004187
   177/199     7.42G   0.04314   0.01737  0.003351   0.06386        11       640    0.6531     0.712    0.6497    0.3216   0.05605   0.03216   0.00433
   178/199     7.42G   0.04284   0.01583  0.003414   0.06208         9       640    0.6351    0.7308     0.664    0.2931   0.05857   0.03205  0.004453
   179/199     7.42G    0.0431   0.01657  0.003271   0.06294         6       640     0.718    0.7041    0.6788     0.332    0.0548   0.03244  0.004133
   180/199     7.42G   0.04398   0.01746  0.003333   0.06478         6       640    0.6725    0.7161    0.6735    0.3285   0.05545   0.03219  0.004006
   181/199     7.42G   0.04346   0.01759  0.003324   0.06438         4       640    0.7168    0.7045    0.6867    0.3196   0.05718     0.032  0.004198
   182/199     7.42G   0.04275   0.01696  0.003121   0.06283        14       640    0.6908    0.7306    0.6955    0.3266    0.0563   0.03215  0.004009
   183/199     7.42G   0.04252   0.01701  0.002784   0.06232         9       640    0.6871    0.7331    0.6855    0.3292   0.05596   0.03226  0.004097
   184/199     7.42G    0.0418   0.01761   0.00301   0.06242         1       640     0.729    0.6912    0.6741    0.3126   0.05692    0.0323  0.004194
   185/199     7.42G   0.04267   0.01748  0.003385   0.06354         0       640     0.719    0.6867    0.6878    0.3099    0.0571   0.03245   0.00417
   186/199     7.42G   0.04218    0.0172  0.002758   0.06213         4       640    0.6801    0.7145    0.6737    0.3221   0.05639   0.03206  0.004333
   187/199     7.42G   0.04244   0.01721  0.003545   0.06319         4       640    0.6265    0.7497     0.673    0.3281    0.0559   0.03172  0.004171
   188/199     7.42G    0.0423   0.01657  0.003199   0.06207         0       640    0.7234    0.6719    0.6825    0.3332   0.05602   0.03158  0.004317
   189/199     7.42G   0.04208   0.01771  0.003001    0.0628         2       640    0.7047    0.7238    0.7278    0.3601   0.05559   0.03194  0.004296
   190/199     7.42G   0.04282    0.0173  0.003201   0.06332         3       640    0.7412    0.7214    0.7025    0.3311   0.05621   0.03167  0.004352
   191/199     7.42G   0.04194   0.01691  0.003066   0.06192        19       640    0.7196    0.7275    0.7104    0.3421   0.05589   0.03152  0.004366
   192/199     7.42G   0.04288   0.01885  0.003613   0.06534        15       640    0.7728    0.6988    0.6979    0.3359   0.05599   0.03143  0.004232
   193/199     7.42G   0.04273   0.01605  0.003301   0.06208         1       640    0.7333     0.726     0.705    0.3473    0.0556   0.03136  0.004185
   194/199     7.42G   0.04204   0.01715  0.002914    0.0621        10       640    0.7275    0.7282    0.7209    0.3454    0.0555   0.03179  0.004214
   195/199     7.42G   0.04273   0.01727   0.00327   0.06327         4       640    0.7391    0.7649    0.7571    0.3559   0.05471   0.03208  0.004275
   196/199     7.42G   0.04331   0.01661  0.003273    0.0632         4       640    0.7694    0.7366     0.745     0.351   0.05569   0.03189   0.00411
   197/199     7.42G   0.04268   0.01655    0.0033   0.06253         8       640    0.7652    0.7514    0.7539    0.3639   0.05598   0.03141  0.003949
   198/199     7.42G   0.04263   0.01756  0.003215    0.0634        23       640    0.7429    0.7359    0.7074    0.3468   0.05502   0.03171  0.003969
   199/199     7.42G   0.04231   0.01684  0.003306   0.06246         0       640    0.7268    0.7242    0.6712     0.324   0.05593   0.03222  0.004054
