2 0.628247 0.247114 0.097403 0.494228
0 0.134334 0.594517 0.088474 0.116883
0 0.036932 0.651515 0.038149 0.083694
0 0.015016 0.730159 0.030032 0.082251
0 0.021104 0.841991 0.040584 0.066378
0 0.521104 0.730880 0.074675 0.101010
0 0.552760 0.961400 0.178571 0.077200
0 0.426948 0.534632 0.032468 0.150072
3 0.443994 0.425685 0.019481 0.047619
1 0.456981 0.796537 0.030844 0.059163
1 0.359578 0.880231 0.090909 0.168831
1 0.656250 0.834776 0.051136 0.063492
1 0.235390 0.803752 0.073052 0.099567
1 0.240666 0.142136 0.109578 0.204906