3 0.451299 0.202742 0.029221 0.049062
3 0.594562 0.317911 0.022321 0.041486
3 0.607498 0.335498 0.021814 0.042388
3 0.635400 0.369318 0.021814 0.046898
1 0.368557 0.407648 0.101968 0.172258
1 0.295252 0.694895 0.087256 0.205628
1 0.238941 0.769300 0.078125 0.168651
1 0.136364 0.949856 0.094156 0.100288
1 0.805601 0.637085 0.046266 0.086580
1 0.930601 0.300866 0.034903 0.063492
1 0.922890 0.058802 0.136364 0.117604
2 0.511051 0.362970 0.054321 0.105450
2 0.620942 0.096570 0.066808 0.101010
0 0.743101 0.347763 0.249188 0.373737
0 0.944399 0.451659 0.083604 0.165945