2 0.625812 0.213925 0.092532 0.427850
0 0.130682 0.529582 0.092532 0.122655
0 0.036120 0.590909 0.036526 0.054834
0 0.016234 0.676046 0.032468 0.080808
0 0.022727 0.782828 0.040584 0.072150
0 0.519075 0.672439 0.075487 0.102453
0 0.553571 0.929654 0.176948 0.140692
0 0.425325 0.474747 0.038961 0.145743
3 0.442370 0.370851 0.017857 0.041847
3 0.346591 0.395382 0.011364 0.021645
1 0.357549 0.816017 0.078734 0.196248
1 0.454951 0.737374 0.033279 0.041847
1 0.652597 0.768398 0.050325 0.072150
1 0.234578 0.744589 0.084416 0.093795
1 0.236607 0.110390 0.114448 0.219336