1 0.367695 0.346320 0.100649 0.246753
1 0.280032 0.641414 0.107143 0.219336
1 0.222808 0.724387 0.065747 0.206349
1 0.803166 0.668831 0.044643 0.072150
1 0.946429 0.360029 0.037338 0.069264
1 0.935065 0.098846 0.118506 0.158730
2 0.636769 0.089466 0.072240 0.099567
2 0.515016 0.351371 0.057630 0.098124
1 0.104708 0.917749 0.068182 0.154401
3 0.450893 0.196970 0.028409 0.049062
3 0.642451 0.379509 0.025162 0.036075
3 0.614448 0.336219 0.024351 0.044733
3 0.601867 0.318903 0.023539 0.044733
0 0.756899 0.367244 0.241071 0.398268
0 0.954951 0.506494 0.086851 0.165945