1 0.662338 0.615440 0.038961 0.060606
1 0.465909 0.582973 0.037338 0.041847
1 0.353896 0.676046 0.100649 0.170274
1 0.242695 0.596681 0.069805 0.109668
1 0.230114 0.921356 0.065747 0.095238
2 0.636364 0.146104 0.084416 0.292208
0 0.434253 0.326118 0.032468 0.154401
0 0.522727 0.521645 0.079545 0.101010
0 0.557630 0.854618 0.183442 0.290764
0 0.081981 0.939394 0.100649 0.119769
0 0.028409 0.639971 0.045455 0.060606
0 0.020698 0.533189 0.041396 0.080808
0 0.140828 0.381674 0.088474 0.109668
0 0.041802 0.445166 0.030032 0.063492
3 0.449675 0.225830 0.014610 0.049062
3 0.351867 0.375180 0.015422 0.044733
3 0.620942 0.963203 0.024351 0.031746