2 0.630276 0.255051 0.094968 0.510101
0 0.023945 0.867244 0.038149 0.056277
0 0.015828 0.759740 0.031656 0.086580
0 0.035308 0.678211 0.028409 0.070707
0 0.131088 0.618326 0.093344 0.109668
0 0.521916 0.758297 0.076299 0.098124
0 0.555601 0.973665 0.176136 0.052670
0 0.428166 0.563492 0.030032 0.164502
3 0.350244 0.388167 0.015422 0.047619
3 0.444805 0.455267 0.014610 0.040404
1 0.458604 0.817460 0.029221 0.040404
1 0.244724 0.194805 0.114448 0.269841
1 0.234984 0.832612 0.073864 0.082251
1 0.659497 0.861472 0.046266 0.053391
1 0.361201 0.904040 0.084416 0.167388