2 0.637987 0.155123 0.071429 0.305916
0 0.524351 0.533911 0.077922 0.093795
0 0.430195 0.338384 0.030844 0.161616
0 0.557224 0.855339 0.174513 0.289322
3 0.447646 0.235931 0.015422 0.043290
3 0.350649 0.377345 0.014610 0.037518
0 0.139205 0.402597 0.098214 0.122655
0 0.044237 0.455988 0.033279 0.073593
0 0.018669 0.544012 0.037338 0.076479
0 0.027597 0.650794 0.042208 0.062049
0 0.079951 0.943362 0.094968 0.113276
1 0.242695 0.616162 0.071429 0.085137
1 0.360795 0.691919 0.078734 0.170274
1 0.459010 0.599567 0.034903 0.057720
1 0.659497 0.634921 0.039773 0.050505
1 0.226867 0.924964 0.060877 0.076479