2 0.625812 0.219697 0.092532 0.439394
0 0.133523 0.560606 0.093344 0.103896
0 0.035308 0.622655 0.034903 0.072150
0 0.015016 0.703463 0.030032 0.080808
0 0.023945 0.809524 0.033279 0.073593
0 0.517451 0.704185 0.073864 0.102453
0 0.551948 0.936147 0.183442 0.127706
0 0.425731 0.510101 0.031656 0.161616
3 0.443588 0.400433 0.017045 0.040404
1 0.359578 0.839105 0.081169 0.199134
1 0.455357 0.756854 0.037338 0.051948
1 0.656656 0.802309 0.047078 0.047619
1 0.237013 0.777056 0.068182 0.101010
1 0.233766 0.121212 0.123377 0.217893