0 0.697857 0.068571 0.29 0.137143
0 0.682143 0.631429 0.23 0.262857
0 0.684286 0.304286 0.242857 0.382857
2 0.082143 0.08 0.11 0.097143
2 0.100714 0.267857 0.087143 0.09
2 0.237857 0.257857 0.087143 0.095714
2 0.198571 0.047143 0.074286 0.094286
2 0.253571 0.475 0.09 0.081429
2 0.257857 0.593571 0.092857 0.092857
2 0.270714 0.747857 0.095714 0.11
2 0.526429 0.895714 0.124286 0.12
2 0.074286 0.602143 0.071429 0.07
2 0.070714 0.517143 0.081429 0.071429
2 0.665714 0.932143 0.08 0.09
2 0.547857 0.796429 0.087143 0.067143
