0 0.175 0.272143 0.092857 0.075714
0 0.529286 0.261429 0.095714 0.12
0 0.251429 0.027857 0.074286 0.055714
0 0.092143 0.751429 0.15 0.102857
0 0.115714 0.594286 0.1 0.137143
0 0.76 0.065714 0.171429 0.131429
0 0.891429 0.269286 0.054286 0.09
0 0.983571 0.271429 0.032857 0.1
0 0.699286 0.547857 0.124286 0.132857
0 0.954286 0.597857 0.091429 0.064286
0 0.941429 0.753571 0.117143 0.135714
0 0.655714 0.724286 0.091429 0.111429
0 0.802143 0.805 0.075714 0.147143
0 0.418571 0.317143 0.091429 0.111429
2 0.766429 0.188571 0.092857 0.077143
2 0.742857 0.489286 0.117143 0.09
0 0.827143 0.581429 0.102857 0.065714
