0 0.175 0.472143 0.092857 0.075714
0 0.529286 0.461429 0.095714 0.12
0 0.251429 0.208571 0.074286 0.094286
0 0.092143 0.95 0.15 0.1
0 0.115714 0.794286 0.1 0.137143
0 0.76 0.256429 0.171429 0.15
0 0.891429 0.469286 0.054286 0.09
0 0.983571 0.471429 0.032857 0.1
0 0.699286 0.747857 0.124286 0.132857
0 0.954286 0.797857 0.091429 0.064286
0 0.941429 0.942857 0.117143 0.114286
0 0.655714 0.924286 0.091429 0.111429
0 0.802143 0.965714 0.075714 0.068571
0 0.418571 0.517143 0.091429 0.111429
2 0.766429 0.388571 0.092857 0.077143
2 0.742857 0.689286 0.117143 0.09
0 0.827143 0.781429 0.102857 0.065714
