0 0.291429 0.069286 0.054286 0.09
0 0.405 0.071429 0.075714 0.1
0 0.481429 0.060714 0.06 0.115714
0 0.099286 0.347857 0.124286 0.132857
0 0.367143 0.397857 0.117143 0.064286
0 0.585714 0.253571 0.12 0.084286
0 0.896429 0.232143 0.138571 0.115714
0 0.874286 0.105 0.094286 0.078571
0 0.547143 0.509286 0.082857 0.087143
0 0.345714 0.553571 0.125714 0.135714
0 0.055714 0.524286 0.091429 0.111429
0 0.202143 0.605 0.075714 0.147143
0 0.971429 0.084286 0.057143 0.085714
2 0.166429 0.013571 0.092857 0.027143
2 0.142857 0.289286 0.117143 0.09
2 0.917143 0.018571 0.088571 0.037143
0 0.227143 0.381429 0.102857 0.065714
