0 0.021429 0.471429 0.042857 0.1
0 0.081429 0.460714 0.06 0.115714
0 0.012857 0.797857 0.025714 0.064286
0 0.185714 0.653571 0.12 0.084286
0 0.496429 0.632143 0.138571 0.115714
0 0.902143 0.562143 0.098571 0.067143
0 0.474286 0.505 0.094286 0.078571
0 0.147143 0.909286 0.082857 0.087143
0 0.087857 0.176429 0.092857 0.11
0 0.687143 0.613571 0.102857 0.075714
0 0.791429 0.613571 0.094286 0.092857
0 0.571429 0.484286 0.057143 0.085714
0 0.852143 0.413571 0.098571 0.095714
0 0.282857 0.227143 0.071429 0.114286
0 0.530714 0.195714 0.075714 0.077143
2 0.857143 0.323571 0.125714 0.101429
2 0.517143 0.4 0.088571 0.074286
