0 0.030714 0.805714 0.061429 0.388571
0 0.375 0.472143 0.092857 0.075714
0 0.157857 0.414286 0.092857 0.125714
0 0.729286 0.461429 0.095714 0.12
0 0.451429 0.208571 0.074286 0.094286
0 0.292143 0.95 0.15 0.1
0 0.315714 0.794286 0.1 0.137143
0 0.937143 0.256429 0.125714 0.15
0 0.899286 0.747857 0.124286 0.132857
0 0.855714 0.924286 0.091429 0.111429
0 0.982143 0.965714 0.035714 0.068571
0 0.618571 0.517143 0.091429 0.111429
2 0.049286 0.315 0.098571 0.132857
2 0.96 0.388571 0.08 0.077143
2 0.942143 0.689286 0.115714 0.09
0 0.987857 0.781429 0.024286 0.065714
