0 0.129286 0.061429 0.095714 0.12
0 0.491429 0.069286 0.054286 0.09
0 0.605 0.071429 0.075714 0.1
0 0.681429 0.060714 0.06 0.115714
0 0.299286 0.347857 0.124286 0.132857
0 0.567143 0.397857 0.117143 0.064286
0 0.785714 0.253571 0.12 0.084286
0 0.747143 0.509286 0.082857 0.087143
0 0.545714 0.553571 0.125714 0.135714
0 0.255714 0.524286 0.091429 0.111429
0 0.402143 0.605 0.075714 0.147143
0 0.032143 0.117143 0.064286 0.111429
2 0.366429 0.013571 0.092857 0.027143
2 0.342857 0.289286 0.117143 0.09
0 0.427143 0.381429 0.102857 0.065714
