0 0.010714 0.472143 0.021429 0.075714
0 0.329286 0.461429 0.095714 0.12
0 0.051429 0.208571 0.074286 0.094286
0 0.56 0.256429 0.171429 0.15
0 0.691429 0.469286 0.054286 0.09
0 0.805 0.471429 0.075714 0.1
0 0.881429 0.460714 0.06 0.115714
0 0.499286 0.747857 0.124286 0.132857
0 0.767143 0.797857 0.117143 0.064286
0 0.962857 0.653571 0.074286 0.084286
0 0.947143 0.909286 0.082857 0.087143
0 0.745714 0.942857 0.125714 0.114286
0 0.455714 0.924286 0.091429 0.111429
0 0.602143 0.965714 0.075714 0.068571
0 0.887857 0.176429 0.092857 0.11
0 0.218571 0.517143 0.091429 0.111429
2 0.566429 0.388571 0.092857 0.077143
2 0.542857 0.689286 0.117143 0.09
0 0.627143 0.781429 0.102857 0.065714
