0 0.030714 0.412143 0.061429 0.401429
0 0.375 0.072143 0.092857 0.075714
0 0.157857 0.038571 0.092857 0.077143
0 0.729286 0.061429 0.095714 0.12
0 0.292143 0.551429 0.15 0.102857
0 0.315714 0.394286 0.1 0.137143
0 0.045714 0.955714 0.091429 0.088571
0 0.268571 0.939286 0.125714 0.098571
0 0.899286 0.347857 0.124286 0.132857
0 0.855714 0.524286 0.091429 0.111429
0 0.982143 0.605 0.035714 0.147143
0 0.618571 0.117143 0.091429 0.111429
2 0.96 0.013571 0.08 0.027143
2 0.942143 0.289286 0.115714 0.09
0 0.987857 0.381429 0.024286 0.065714
