0 0.395714 0.472857 0.408571 0.491429
2 0.682143 0.28 0.11 0.097143
2 0.700714 0.467857 0.087143 0.09
2 0.837857 0.457857 0.087143 0.095714
2 0.798571 0.239286 0.074286 0.11
2 0.853571 0.675 0.09 0.081429
2 0.857857 0.793571 0.092857 0.092857
2 0.870714 0.946429 0.095714 0.107143
2 0.315 0.903571 0.075714 0.07
2 0.674286 0.802143 0.071429 0.07
2 0.670714 0.717143 0.081429 0.071429
2 0.372857 0.974286 0.091429 0.051429
2 0.176429 0.503571 0.081429 0.095714
2 0.306429 0.775 0.07 0.072857
2 0.435714 0.17 0.071429 0.085714
