2 0.042857 0.787143 0.085714 0.074286
0 0.013571 0.971429 0.027143 0.057143
0 0.595714 0.272857 0.408571 0.491429
0 0.496429 0.916429 0.39 0.167143
2 0.882143 0.08 0.11 0.097143
2 0.900714 0.267857 0.087143 0.09
2 0.980714 0.047143 0.038571 0.094286
2 0.575714 0.863571 0.08 0.087143
2 0.515 0.703571 0.075714 0.07
2 0.874286 0.602143 0.071429 0.07
2 0.870714 0.517143 0.081429 0.071429
2 0.572857 0.78 0.091429 0.062857
2 0.376429 0.303571 0.081429 0.095714
2 0.506429 0.575 0.07 0.072857
2 0.635714 0.006429 0.071429 0.012857
