     0/199     7.37G   0.07174   0.02606   0.03346    0.1313         2       640 0.0003955   0.04878 0.0001316 2.684e-05   0.09788    0.0318   0.03262
     1/199     7.43G   0.06965   0.02312   0.03173    0.1245         9       640 0.0004237   0.05226 0.0001237 2.277e-05   0.09565   0.03168   0.03151
     2/199     7.43G    0.0694   0.02273   0.03031    0.1224         7       640  0.002772    0.0151 0.0003491  6.19e-05   0.09493   0.03136   0.03063
     3/199     7.43G   0.06737   0.02184   0.02875     0.118         4       640  0.002077   0.02877 0.0003766  7.17e-05   0.09832   0.03052   0.03325
     4/199     7.43G   0.06786   0.02205   0.02736    0.1173         4       640  0.001534   0.04297 0.0002902 4.954e-05   0.09988   0.02969   0.03731
     5/199     7.43G   0.06723   0.02166    0.0263    0.1152         9       640   0.00241   0.01626 0.0004586 7.498e-05   0.09943   0.02924   0.03257
     6/199     7.43G   0.06727   0.02181   0.02519    0.1143        22       640    0.3511   0.01045  0.001252 0.0001787   0.09986   0.02893   0.02948
     7/199     7.43G   0.06753   0.02155   0.02416    0.1132         9       640  0.002508   0.01742 0.0004371 6.643e-05   0.09852   0.02921    0.0306
     8/199     7.43G   0.06767   0.02266   0.02364     0.114         8       640  0.006481    0.0151 0.0009722 0.0001566   0.09854   0.02928   0.03092
     9/199     7.43G   0.06868   0.02194   0.02273    0.1133        11       640  0.002229   0.02207 0.0004242 7.597e-05   0.09966   0.02863   0.02913
    10/199     7.43G   0.06712   0.02414   0.02199    0.1132         6       640    0.6901   0.01858  0.004545  0.001501   0.09586   0.03025   0.02521
    11/199     7.43G    0.0655   0.02268   0.02067    0.1088        15       640   0.03681   0.00813  0.007069  0.002042   0.09011   0.03232   0.02154
    12/199     7.43G   0.06529    0.0211   0.01898    0.1054         1       640    0.6798   0.01974  0.002255 0.0004659   0.09775   0.02729      0.03
    13/199     7.43G   0.06364   0.02257     0.019    0.1052         6       640   0.02361    0.2103   0.01023  0.002055    0.0899   0.03054   0.02085
    14/199     7.43G   0.06221   0.02215   0.01817    0.1025         0       640  0.005767    0.2239  0.004184 0.0008755   0.08873   0.03087   0.01942
    15/199     7.43G   0.06408   0.02067   0.01758    0.1023         4       640   0.01219    0.2739  0.005905  0.001036    0.0918   0.03299   0.03141
    16/199     7.43G   0.06272   0.02095    0.0171    0.1008         0       640  0.009351    0.3026  0.007189  0.001231   0.09259   0.02958   0.02167
    17/199     7.43G   0.06425      0.02   0.01705    0.1013         3       640    0.6916   0.06156   0.01453  0.002656   0.08664   0.03183   0.01772
    18/199     7.43G   0.06228   0.02091   0.01594   0.09914         2       640    0.6971   0.08479   0.01924  0.003293   0.08712   0.03152   0.01796
    19/199     7.43G   0.06208   0.01898   0.01482   0.09588         4       640    0.3728   0.09872   0.02462  0.004484   0.08516   0.03069   0.01684
    20/199     7.43G   0.06099   0.02193   0.01413   0.09704         0       640    0.7014    0.0662   0.02487  0.004796   0.08251   0.03193   0.01508
    21/199     7.43G   0.06235   0.02071   0.01387   0.09693         6       640    0.3612    0.3045   0.02995  0.005483   0.08541   0.03158    0.0162
    22/199     7.43G   0.06222   0.01924   0.01309   0.09455         2       640    0.4076    0.1981   0.06509   0.01527    0.0903   0.02751   0.03459
    23/199     7.43G   0.06226   0.01995   0.01253   0.09474         5       640      0.41   0.08595   0.04625   0.01108   0.08605   0.03129   0.01974
    24/199     7.43G   0.06207   0.02106   0.01165   0.09478        13       640    0.1193    0.4031     0.102   0.02196   0.08618   0.02989   0.01318
    25/199     7.43G   0.06105   0.01798    0.0107   0.08973         0       640    0.2081      0.35    0.1702   0.04136   0.08388   0.02945   0.01228
    26/199     7.43G   0.06151   0.01823   0.01138   0.09112         5       640   0.08083    0.3142   0.06583   0.01334   0.08954   0.03339   0.01277
    27/199     7.43G   0.06109   0.01894   0.01015   0.09018         1       640    0.1276    0.5716     0.174   0.04065   0.08592    0.0284    0.0123
    28/199     7.43G    0.0613   0.01907   0.01038   0.09075         6       640    0.1636    0.3205    0.1193   0.02994   0.08496   0.03238   0.01302
    29/199     7.43G   0.06138   0.01968   0.01013   0.09119        10       640    0.4643    0.1956   0.06729   0.01324   0.09891   0.02801   0.03991
    30/199     7.43G   0.05928    0.0202  0.009346   0.08883         2       640    0.4856      0.13   0.09001   0.01852   0.09282   0.02893   0.01767
    31/199     7.43G   0.06036   0.01955  0.009505   0.08941         4       640    0.2366    0.2794    0.1451   0.03181   0.08391   0.03095   0.01095
    32/199     7.43G   0.06046   0.01935  0.009933   0.08974         3       640    0.1519    0.2823    0.1388    0.0327    0.0852   0.03148   0.01259
    33/199     7.43G   0.06038   0.01834  0.009908   0.08862         6       640    0.2477    0.2889    0.1694   0.04119   0.08515   0.03055   0.01028
    34/199     7.43G      0.06   0.01831  0.009381   0.08769         8       640    0.7248    0.0813   0.03645  0.007887   0.08808   0.03478   0.01915
    35/199     7.43G   0.05967   0.01922  0.008017   0.08691         5       640    0.1451    0.2225   0.08618   0.01759   0.08817   0.03283   0.01122
    36/199     7.43G   0.05904   0.01929  0.008378   0.08671        19       640    0.1024    0.2461   0.07144   0.01611   0.08802    0.0334   0.01286
    37/199     7.43G   0.05855   0.01946  0.007935   0.08595         9       640     0.798   0.08711   0.06875   0.01575   0.08609   0.03859    0.0197
