0 0.201600 0.802824 0.025297 0.018714
0 0.243934 0.798401 0.018758 0.019735
0 0.153502 0.825876 0.004818 0.005274
0 0.161676 0.830299 0.004991 0.005274
0 0.148167 0.832851 0.006195 0.006975
0 0.163741 0.837955 0.004646 0.005954
0 0.160127 0.844505 0.003958 0.004764
0 0.178799 0.844335 0.006539 0.006805
0 0.147307 0.840592 0.006195 0.005444
1 0.136637 0.832851 0.009293 0.023988
0 0.119084 0.839401 0.004818 0.005444
0 0.214335 0.501276 0.006023 0.007315
0 0.201170 0.465635 0.020995 0.011228
0 0.205128 0.440456 0.002409 0.005104
0 0.211237 0.435607 0.003614 0.003573
0 0.310704 0.827833 0.005335 0.004764
0 0.312511 0.818220 0.004474 0.004593
0 0.319738 0.810310 0.004474 0.004764
0 0.330236 0.806737 0.007228 0.007145
0 0.344089 0.804355 0.001893 0.006805
0 0.340905 0.817455 0.007228 0.007486
0 0.327654 0.817965 0.004474 0.004423
0 0.319997 0.817880 0.004991 0.004253
0 0.320427 0.827662 0.006195 0.006465
0 0.329289 0.827237 0.005335 0.005274
0 0.368611 0.799932 0.006195 0.005784
0 0.372569 0.789384 0.004130 0.006465
0 0.364481 0.761569 0.011014 0.010718
0 0.394080 0.855478 0.018585 0.005274
0 0.408536 0.856329 0.007572 0.006635
0 0.422130 0.856924 0.006883 0.007826
0 0.399845 0.828768 0.018069 0.003232
0 0.401738 0.823665 0.016692 0.003232
0 0.411375 0.831916 0.002581 0.016672
0 0.398813 0.833277 0.021167 0.003743
0 0.397092 0.838380 0.022199 0.004083
0 0.397866 0.845100 0.021683 0.003573
0 0.380829 0.848588 0.008604 0.013610
0 0.397952 0.850459 0.025641 0.004423
0 0.430477 0.830470 0.013251 0.011398
0 0.436930 0.854883 0.005851 0.009187
0 0.444158 0.854457 0.006195 0.013780
0 0.467389 0.851055 0.015144 0.011739
0 0.457925 0.846887 0.004474 0.004083
0 0.422389 0.849183 0.006711 0.007996
0 0.450783 0.828513 0.006367 0.010888
0 0.470143 0.824940 0.014800 0.013270
0 0.449148 0.816434 0.009293 0.004423
0 0.434177 0.792872 0.022371 0.013440
0 0.466959 0.807758 0.008088 0.005104
0 0.466959 0.796274 0.009121 0.006635
0 0.476166 0.796189 0.009637 0.006805
0 0.512993 0.840252 0.032008 0.044913
0 0.512390 0.796614 0.017381 0.017863
0 0.592669 0.833872 0.043022 0.035897
0 0.625366 0.821368 0.006539 0.008166
0 0.628377 0.803675 0.007744 0.004083
0 0.600413 0.787002 0.008260 0.006465
0 0.611168 0.786067 0.006711 0.006295
0 0.581311 0.786832 0.008604 0.009187
0 0.560145 0.787683 0.009293 0.006465
0 0.542334 0.805121 0.004302 0.009697
0 0.797281 0.819071 0.018930 0.027731
0 0.713302 0.830555 0.029943 0.039469
0 0.731113 0.796444 0.018758 0.011739
0 0.735244 0.785812 0.008776 0.010208
0 0.838754 0.833872 0.006883 0.004934
0 0.817243 0.801718 0.012734 0.009017
0 0.810360 0.798316 0.008949 0.010718
0 0.773361 0.778836 0.003442 0.008166
0 0.767768 0.776114 0.004302 0.003743
0 0.766133 0.779006 0.002065 0.001701
0 0.755034 0.776284 0.006367 0.003403
0 0.768801 0.800272 0.003958 0.007145
0 0.756840 0.810140 0.003442 0.006465
0 0.769317 0.814648 0.003614 0.006975
0 0.769489 0.821453 0.003270 0.005614
0 0.769403 0.829789 0.004474 0.008676
0 0.756754 0.815839 0.003614 0.002892
0 0.778696 0.846887 0.004818 0.007826
0 0.785751 0.846887 0.007572 0.004423
0 0.801239 0.844845 0.006195 0.004083
0 0.807692 0.844930 0.005679 0.003913
0 0.823180 0.845866 0.007744 0.002722
0 0.831010 0.845356 0.005851 0.002722
0 0.839098 0.843654 0.006883 0.003743
0 0.847875 0.843824 0.005163 0.004423
0 0.856565 0.843399 0.006023 0.003573
0 0.859405 0.855393 0.004474 0.006125
0 0.848219 0.856754 0.003786 0.004423
0 0.838668 0.856754 0.006023 0.003743
0 0.830838 0.857094 0.005507 0.004423
0 0.822578 0.857605 0.004818 0.003743
0 0.815953 0.857945 0.006023 0.003743
0 0.808123 0.859136 0.006883 0.003403
0 0.104285 0.822389 0.003442 0.005444
0 0.102048 0.800357 0.003442 0.003573
0 0.741008 0.835148 0.013079 0.024158
0 0.662537 0.812436 0.015488 0.008336
0 0.687919 0.785046 0.008088 0.015141
0 0.664602 0.783685 0.006539 0.007996
0 0.653330 0.781728 0.009121 0.007486
0 0.702117 0.779687 0.003786 0.005104
0 0.838582 0.796189 0.006195 0.003062
0 0.852091 0.795083 0.005335 0.004593
0 0.857598 0.795849 0.003958 0.004083
0 0.830236 0.794573 0.003958 0.002892
0 0.831440 0.784450 0.002581 0.003062
0 0.838668 0.782749 0.005335 0.004423
0 0.848821 0.782239 0.005679 0.003743
0 0.856737 0.777305 0.003270 0.009867
0 0.827138 0.777645 0.006711 0.006125
0 0.819480 0.776710 0.006883 0.004593
0 0.811908 0.776795 0.004818 0.004083
0 0.717432 0.788448 0.007916 0.005614
0 0.635605 0.782834 0.004991 0.008336
0 0.626398 0.780282 0.007916 0.005954
0 0.627431 0.765652 0.004130 0.005274
0 0.636809 0.760122 0.004991 0.005784
0 0.200826 0.770670 0.005507 0.008506
0 0.192050 0.769650 0.009293 0.006805
0 0.211237 0.769394 0.007056 0.003573
0 0.209172 0.754083 0.006023 0.003232
0 0.219239 0.769990 0.005507 0.011569
0 0.240750 0.772627 0.004130 0.003573
0 0.234383 0.770415 0.003786 0.004934
0 0.258733 0.770415 0.004646 0.003913
0 0.469282 0.768459 0.007572 0.005444
0 0.438221 0.755189 0.021511 0.021776
0 0.440286 0.768203 0.006367 0.005954
0 0.497419 0.759017 0.010497 0.010378
0 0.499140 0.747023 0.004646 0.007486
0 0.488642 0.714274 0.010153 0.005274
0 0.492342 0.721674 0.006195 0.006465
0 0.493633 0.703556 0.006711 0.004253
0 0.488728 0.693944 0.005507 0.003743
0 0.472552 0.695730 0.006539 0.004253
0 0.523146 0.696155 0.009981 0.015652
0 0.532869 0.696240 0.009121 0.016162
0 0.542592 0.697431 0.008260 0.014120
0 0.556617 0.697091 0.008088 0.014120
0 0.549475 0.696495 0.006195 0.002722
0 0.567372 0.693348 0.013423 0.001871
0 0.580107 0.697941 0.011702 0.012419
0 0.542592 0.661875 0.013423 0.013780
0 0.555670 0.670636 0.012390 0.019054
