2 0.380307 0.616352 0.192217 0.320755
2 0.464623 0.124738 0.127358 0.171908
2 0.610849 0.144654 0.080189 0.169811
2 0.725236 0.17086 0.066038 0.188679
2 0.830778 0.204403 0.076651 0.192872
2 0.941038 0.242138 0.070755 0.201258
2 0.602594 0.810273 0.075472 0.134172
2 0.047759 0.077568 0.095518 0.106918
2 0.027123 0.233753 0.054245 0.109015
4 0.830189 0.640461 0.146226 0.159329
0 0.585495 0.330189 0.104953 0.150943
0 0.704009 0.363732 0.09434 0.150943
0 0.821934 0.400419 0.103774 0.157233
0 0.946344 0.439203 0.104953 0.150943
0 0.926887 0.051887 0.080189 0.103774
0 0.824882 0.041405 0.095519 0.082809
0 0.729953 0.028826 0.058962 0.057652
0 0.617335 0.016247 0.048349 0.032494
0 0.103184 0.269392 0.112028 0.184486
0 0.150354 0.103774 0.097877 0.134172
0 0.18691 0.02044 0.069575 0.04088
0 0.528302 0.982704 0.049528 0.034591
