4 0.758255 0.531447 0.120283 0.176101
0 0.108491 0.940776 0.09434 0.118448
0 0.553656 0.834382 0.104953 0.157233
0 0.664505 0.781971 0.097877 0.140461
0 0.775943 0.737945 0.099057 0.148847
0 0.888561 0.677149 0.100236 0.15304
0 0.972877 0.611111 0.054245 0.146751
0 0.456368 0.226415 0.070755 0.132075
2 0.349646 0.601677 0.192217 0.287212
2 0.540684 0.41195 0.055425 0.113208
2 0.909198 0.803983 0.07783 0.083857
2 0.800708 0.856394 0.063679 0.075472
2 0.697524 0.900419 0.064858 0.092243
2 0.595519 0.945493 0.054245 0.069182
2 0.814269 0.967505 0.069575 0.062893
2 0.913325 0.924528 0.053066 0.069182
2 0.489387 0.973795 0.025943 0.041929
