2 0.466981 0.365828 0.198113 0.322851
2 0.659198 0.0587 0.03066 0.039832
2 0.782429 0.029874 0.067217 0.059748
2 0.761203 0.138365 0.0625 0.090147
2 0.894458 0.12369 0.069575 0.073375
2 0.856132 0.227463 0.063679 0.121593
2 0.962854 0.331237 0.060142 0.102725
2 0.617335 0.619497 0.057783 0.109015
0 0.506486 0.77044 0.071934 0.159329
0 0.70283 0.238994 0.113208 0.15304
0 0.810142 0.342767 0.108491 0.159329
0 0.913915 0.455975 0.115566 0.184486
0 0.982311 0.556604 0.035377 0.138365
0 0.92217 0.035115 0.061321 0.07023
0 0.98467 0.054507 0.03066 0.098532
4 0.858491 0.647799 0.127358 0.220126
