4 0.241745 0.531447 0.120283 0.176101
0 0.891509 0.940776 0.09434 0.118448
0 0.446344 0.834382 0.104953 0.157233
0 0.335495 0.781971 0.097877 0.140461
0 0.224057 0.737945 0.099057 0.148847
0 0.111439 0.677149 0.100236 0.15304
0 0.027123 0.611111 0.054245 0.146751
0 0.543632 0.226415 0.070755 0.132075
2 0.650354 0.601677 0.192217 0.287212
2 0.459316 0.41195 0.055425 0.113208
2 0.090802 0.803983 0.07783 0.083857
2 0.199292 0.856394 0.063679 0.075472
2 0.302476 0.900419 0.064858 0.092243
2 0.404481 0.945493 0.054245 0.069182
2 0.185731 0.967505 0.069575 0.062893
2 0.086675 0.924528 0.053066 0.069182
2 0.510613 0.973795 0.025943 0.041929
