6 0.504228 0.701467 0.018604 0.030474
2 0.476745 0.784424 0.063423 0.079007
2 0.375267 0.720655 0.082028 0.113995
2 0.449684 0.507901 0.090484 0.137698
2 0.536786 0.582393 0.061732 0.097065
2 0.547779 0.277652 0.075263 0.092551
2 0.6019 0.177765 0.060041 0.093679
2 0.675049 0.054176 0.103169 0.108352
0 0.074106 0.451467 0.148211 0.343115
0 0.203178 0.190745 0.263842 0.38149
4 0.2573 0.320542 0.079491 0.088036
4 0.278441 0.222348 0.050739 0.051919
4 0.30381 0.138826 0.043974 0.074492
4 0.008568 0.924944 0.017136 0.098194
0 0.807392 0.748307 0.384769 0.503386
