0 0.201487 0.663657 0.346715 0.625282
0 0.919552 0.219526 0.160896 0.281038
0 0.948727 0.573363 0.102546 0.458239
0 0.964794 0.895598 0.070412 0.208804
2 0.562155 0.326185 0.07188 0.081264
2 0.459409 0.374718 0.062578 0.088036
2 0.612048 0.555869 0.076954 0.111738
2 0.51353 0.593679 0.060887 0.108352
2 0.66025 0.81772 0.070189 0.093679
2 0.674203 0.939052 0.077799 0.099323
6 0.479704 0.467269 0.018604 0.036117
4 0.854326 0.522573 0.042282 0.106095
4 0.891111 0.608916 0.029598 0.071106
4 0.914367 0.697517 0.035517 0.092551
