2 0.563001 0.530474 0.080336 0.103837
2 0.443765 0.362867 0.097249 0.102709
2 0.528752 0.265237 0.086256 0.139955
2 0.645451 0.44526 0.089638 0.132054
2 0.762573 0.659707 0.060041 0.091422
2 0.80697 0.762415 0.064269 0.098194
2 0.873776 0.897291 0.121773 0.124153
6 0.49704 0.43623 0.021141 0.034989
0 0.302964 0.721219 0.431279 0.557562
0 0.890266 0.057562 0.198727 0.115124
0 0.941116 0.280474 0.117768 0.317156
4 0.868279 0.283296 0.065115 0.106095
4 0.926206 0.346501 0.040591 0.079007
4 0.969334 0.414221 0.045665 0.076749
4 0.147788 0.028781 0.065115 0.057562
