6 0.556235 0.260158 0.012685 0.028217
2 0.550739 0.166479 0.069343 0.077878
2 0.442496 0.176637 0.067652 0.095937
2 0.448838 0.414221 0.080336 0.103837
2 0.557081 0.386005 0.060041 0.081264
2 0.48055 0.67833 0.06596 0.090293
2 0.502537 0.792889 0.081182 0.100451
2 0.527061 0.952032 0.108243 0.095936
0 0.83995 0.301354 0.317963 0.575621
0 0.076643 0.270316 0.153285 0.292325
0 0.12411 0.60158 0.16321 0.446953
0 0.154131 0.901242 0.204646 0.197516
4 0.224742 0.49605 0.063423 0.102709
4 0.217554 0.595372 0.043974 0.066591
4 0.217554 0.683409 0.0389 0.077878
