0 0.13299 0.849887 0.263842 0.300226
0 0.770607 0.225169 0.429588 0.450338
4 0.031823 0.138826 0.063646 0.099323
4 0.387952 0.874153 0.083719 0.082393
4 0.431925 0.955418 0.039745 0.041761
2 0.38161 0.437923 0.079491 0.090293
2 0.518181 0.602144 0.102323 0.123025
2 0.667438 0.765801 0.071034 0.077878
2 0.744392 0.819413 0.067652 0.085779
2 0.844178 0.926072 0.079491 0.129797
2 0.463637 0.343115 0.059195 0.099323
2 0.579491 0.482506 0.072726 0.08465
6 0.489429 0.370203 0.024524 0.031603
0 0.992278 0.807562 0.015444 0.044018
