6 0.474631 0.527652 0.030443 0.021445
2 0.406979 0.546275 0.064269 0.103837
2 0.431925 0.69921 0.082028 0.095937
2 0.609088 0.625847 0.089638 0.11851
2 0.790902 0.53781 0.060887 0.102709
2 0.870393 0.483634 0.062578 0.107223
2 0.9686 0.422122 0.0628 0.117381
0 0.452221 0.168736 0.445655 0.337472
0 0.890377 0.9193 0.219246 0.1614
4 0.721136 0.930023 0.078645 0.094808
4 0.028441 0.61456 0.056881 0.068849
4 0.053922 0.946388 0.073571 0.107223
4 0.802741 0.91535 0.050739 0.076749
4 0.872084 0.895034 0.060887 0.069977
2 0.574417 0.498307 0.077799 0.091422
