6 0.527061 0.525959 0.018604 0.031603
2 0.471671 0.681151 0.075263 0.107223
2 0.37865 0.484199 0.083719 0.106095
2 0.561309 0.608352 0.073571 0.10158
2 0.477168 0.418172 0.064269 0.111738
2 0.285629 0.25 0.065115 0.095937
2 0.256877 0.129233 0.080336 0.093679
4 0.812043 0.975169 0.059195 0.049661
4 0.156245 0.593679 0.043128 0.103837
4 0.105083 0.522009 0.032135 0.064334
4 0.067029 0.449774 0.043974 0.08465
0 0.767224 0.283296 0.412675 0.553047
0 0.120193 0.878668 0.240386 0.242664
0 0.0703 0.594808 0.1406 0.446953
