4 0.774412 0.453725 0.066806 0.10158
4 0.770607 0.354402 0.047356 0.058691
4 0.760459 0.261287 0.040591 0.082393
0 0.167127 0.72912 0.334253 0.54176
0 0.929277 0.646163 0.141446 0.314898
0 0.856863 0.323363 0.199572 0.461625
0 0.805701 0.077314 0.207183 0.154628
2 0.553699 0.577878 0.080336 0.115124
2 0.595981 0.810948 0.075263 0.123025
2 0.481396 0.836907 0.069343 0.077878
2 0.458563 0.620203 0.06596 0.098194
2 0.503805 0.326185 0.066806 0.092551
2 0.466174 0.208239 0.087947 0.098194
2 0.423892 0.055869 0.120082 0.111738
6 0.469134 0.748871 0.01945 0.034989
