6 0.527061 0.474041 0.018604 0.031603
2 0.471671 0.318849 0.075263 0.107223
2 0.37865 0.515801 0.083719 0.106095
2 0.561309 0.391648 0.073571 0.10158
2 0.477168 0.581828 0.064269 0.111738
2 0.285629 0.75 0.065115 0.095937
2 0.256877 0.870767 0.080336 0.093679
4 0.812043 0.024831 0.059195 0.049661
4 0.156245 0.406321 0.043128 0.103837
4 0.105083 0.477991 0.032135 0.064334
4 0.067029 0.550226 0.043974 0.08465
0 0.767224 0.716704 0.412675 0.553047
0 0.120193 0.121332 0.240386 0.242664
0 0.0703 0.405192 0.1406 0.446953
