4 0.816694 0.695824 0.05835 0.107223
4 0.877158 0.642212 0.037208 0.063205
4 0.928743 0.580135 0.047356 0.072235
4 0.105506 0.889955 0.080336 0.095937
0 0.809084 0.932844 0.244392 0.134312
0 0.90729 0.724041 0.18542 0.402935
0 0.285206 0.23702 0.480327 0.47404
2 0.493658 0.684537 0.076954 0.098194
2 0.623464 0.516366 0.098095 0.104966
2 0.420932 0.580135 0.078645 0.076749
2 0.535094 0.439616 0.05835 0.08465
2 0.755385 0.32167 0.071034 0.088036
2 0.796822 0.212754 0.06596 0.091422
2 0.89238 0.074492 0.135303 0.139955
6 0.469557 0.515801 0.021987 0.031603
