4 0.225588 0.453725 0.066806 0.10158
4 0.229393 0.354402 0.047356 0.058691
4 0.239541 0.261287 0.040591 0.082393
0 0.832873 0.72912 0.334253 0.54176
0 0.070723 0.646163 0.141446 0.314898
0 0.143137 0.323363 0.199572 0.461625
0 0.194299 0.077314 0.207183 0.154628
2 0.446301 0.577878 0.080336 0.115124
2 0.404019 0.810948 0.075263 0.123025
2 0.518604 0.836907 0.069343 0.077878
2 0.541437 0.620203 0.06596 0.098194
2 0.496195 0.326185 0.066806 0.092551
2 0.533826 0.208239 0.087947 0.098194
2 0.576108 0.055869 0.120082 0.111738
6 0.530866 0.748871 0.01945 0.034989
