6 0.496617 0.537246 0.020296 0.036117
2 0.621773 0.590858 0.081182 0.109481
2 0.506765 0.634876 0.076108 0.113995
2 0.478013 0.4114 0.067652 0.086907
2 0.578222 0.365688 0.075263 0.119639
2 0.513108 0.107788 0.061732 0.095937
2 0.480973 0.020316 0.078645 0.040632
0 0.188379 0.558126 0.339104 0.624153
0 0.940693 0.420993 0.118614 0.293454
0 0.89376 0.161964 0.21248 0.323928
4 0.803164 0.224041 0.065115 0.104966
4 0.791748 0.120767 0.037208 0.065463
4 0.776949 0.035553 0.046511 0.071106
4 0.974942 0.923251 0.050116 0.142212
