0 0.904753 0.825621 0.190494 0.337472
0 0.903062 0.471219 0.193876 0.423251
0 0.88646 0.128104 0.221559 0.251693
0 0.159939 0.421558 0.319877 0.642212
4 0.76807 0.402935 0.049047 0.106095
4 0.792171 0.497178 0.034671 0.068849
4 0.809506 0.586343 0.028752 0.073363
4 0.836567 0.939052 0.037208 0.06772
2 0.499577 0.161964 0.092175 0.077878
2 0.534249 0.401242 0.078645 0.113995
2 0.54947 0.667043 0.056658 0.088036
2 0.556658 0.777652 0.060887 0.103837
2 0.558772 0.948081 0.105706 0.103837
2 0.424315 0.409142 0.060041 0.089165
2 0.393026 0.194695 0.063423 0.075621
6 0.401482 0.281038 0.021141 0.031603
