6 0.472939 0.474041 0.018604 0.031603
2 0.528329 0.318849 0.075263 0.107223
2 0.62135 0.515801 0.083719 0.106095
2 0.438691 0.391648 0.073571 0.10158
2 0.522832 0.581828 0.064269 0.111738
2 0.714371 0.75 0.065115 0.095937
2 0.743123 0.870767 0.080336 0.093679
4 0.187957 0.024831 0.059195 0.049661
4 0.843755 0.406321 0.043128 0.103837
4 0.894917 0.477991 0.032135 0.064334
4 0.932971 0.550226 0.043974 0.08465
0 0.232776 0.716704 0.412675 0.553047
0 0.879807 0.121332 0.240386 0.242664
0 0.9297 0.405192 0.1406 0.446953
