6 0.472939 0.525959 0.018604 0.031603
2 0.528329 0.681151 0.075263 0.107223
2 0.62135 0.484199 0.083719 0.106095
2 0.438691 0.608352 0.073571 0.10158
2 0.522832 0.418172 0.064269 0.111738
2 0.714371 0.25 0.065115 0.095937
2 0.743123 0.129233 0.080336 0.093679
4 0.187957 0.975169 0.059195 0.049661
4 0.843755 0.593679 0.043128 0.103837
4 0.894917 0.522009 0.032135 0.064334
4 0.932971 0.449774 0.043974 0.08465
0 0.232776 0.283296 0.412675 0.553047
0 0.879807 0.878668 0.240386 0.242664
0 0.9297 0.594808 0.1406 0.446953
