2 0.436999 0.469526 0.080336 0.103837
2 0.556235 0.637133 0.097249 0.102709
2 0.471248 0.734763 0.086256 0.139955
2 0.354549 0.55474 0.089638 0.132054
2 0.237427 0.340293 0.060041 0.091422
2 0.19303 0.237585 0.064269 0.098194
2 0.126224 0.102709 0.121773 0.124153
6 0.50296 0.56377 0.021141 0.034989
0 0.697036 0.278781 0.431279 0.557562
0 0.109734 0.942438 0.198727 0.115124
0 0.058884 0.719526 0.117768 0.317156
4 0.131721 0.716704 0.065115 0.106095
4 0.073794 0.653499 0.040591 0.079007
4 0.030666 0.585779 0.045665 0.076749
4 0.852212 0.971219 0.065115 0.057562
