0 0.095247 0.825621 0.190494 0.337472
0 0.096938 0.471219 0.193876 0.423251
0 0.11354 0.128104 0.221559 0.251693
0 0.840061 0.421558 0.319877 0.642212
4 0.23193 0.402935 0.049047 0.106095
4 0.207829 0.497178 0.034671 0.068849
4 0.190494 0.586343 0.028752 0.073363
4 0.163433 0.939052 0.037208 0.06772
2 0.500423 0.161964 0.092175 0.077878
2 0.465751 0.401242 0.078645 0.113995
2 0.45053 0.667043 0.056658 0.088036
2 0.443342 0.777652 0.060887 0.103837
2 0.441228 0.948081 0.105706 0.103837
2 0.575685 0.409142 0.060041 0.089165
2 0.606974 0.194695 0.063423 0.075621
6 0.598518 0.281038 0.021141 0.031603
