0 0.367925 0.070231 0.160377 0.129979
0 0.256486 0.06499 0.071934 0.098532
0 0.169811 0.049266 0.113208 0.092243
0 0.051887 0.047694 0.103774 0.095388
0 0.135024 0.322851 0.154481 0.161426
0 0.035377 0.286164 0.070754 0.125786
0 0.266509 0.361635 0.103774 0.1174
0 0.622052 0.409853 0.064858 0.075472
0 0.014151 0.426625 0.028302 0.046122
0 0.014151 0.515723 0.028302 0.106918
2 0.449292 0.302935 0.134434 0.155136
2 0.337264 0.25891 0.070755 0.100629
2 0.221108 0.232704 0.055425 0.06499
2 0.21875 0.157233 0.053066 0.052411
2 0.147406 0.145702 0.063679 0.0587
2 0.038325 0.167715 0.07665 0.102725
2 0.158019 0.219078 0.042453 0.046122
3 0.454599 0.646751 0.064858 0.079665
