0 0.90566 0.233753 0.139151 0.163522
0 0.850236 0.098532 0.108491 0.144654
0 0.85967 0.461216 0.03066 0.077568
0 0.872642 0.557652 0.037736 0.052411
5 0.15684 0.420335 0.099057 0.297694
5 0.698113 0.190776 0.134434 0.161426
4 0.190448 0.099057 0.102594 0.198113
4 0.237028 0.377358 0.096698 0.354298
4 0.080189 0.440252 0.110849 0.387841
4 0.149175 0.237945 0.086085 0.096436
4 0.145637 0.765199 0.116745 0.383648
4 0.353774 0.5587 0.084906 0.381551
4 0.556014 0.147275 0.14033 0.294549
4 0.652712 0.473795 0.185142 0.379455
4 0.839033 0.809224 0.227594 0.371069
4 0.695165 0.060273 0.142689 0.120545
