0 0.040094 0.046646 0.080188 0.093291
4 0.081368 0.300839 0.162736 0.293501
4 0.223467 0.27673 0.116745 0.186583
4 0.184552 0.097484 0.114387 0.167715
4 0.344929 0.240042 0.119104 0.213836
4 0.590802 0.06761 0.139151 0.13522
4 0.464623 0.16457 0.087264 0.113208
4 0.423349 0.051887 0.101415 0.103774
4 0.429835 0.660377 0.215802 0.090147
4 0.263561 0.885744 0.145047 0.222222
4 0.095519 0.938679 0.191038 0.122642
4 0.393868 0.944444 0.115566 0.104822
4 0.59434 0.931866 0.198113 0.134172
4 0.800118 0.872117 0.185142 0.232704
4 0.948113 0.783019 0.103774 0.197065
4 0.963443 0.536688 0.073113 0.06499
4 0.791274 0.602725 0.073113 0.092243
