2 0.76592 0.497904 0.154481 0.234801
2 0.646226 0.469602 0.073113 0.190776
2 0.530071 0.491614 0.067217 0.180294
2 0.380307 0.508386 0.069575 0.171908
2 0.308373 0.51782 0.069575 0.178197
2 0.20283 0.534591 0.066038 0.186583
2 0.077241 0.533543 0.076651 0.180294
0 0.614387 0.269392 0.110849 0.129979
0 0.5 0.279874 0.09434 0.159329
0 0.397406 0.294549 0.087264 0.150943
0 0.292453 0.295597 0.091981 0.161426
0 0.183962 0.315514 0.09434 0.129979
0 0.074882 0.314465 0.09316 0.18239
0 0.035377 0.03826 0.070754 0.07652
0 0.125 0.03826 0.080189 0.07652
0 0.214033 0.031971 0.083726 0.063941
0 0.306014 0.02673 0.090802 0.053459
0 0.400943 0.031971 0.089623 0.063941
0 0.488208 0.018344 0.080189 0.036688
0 0.582547 0.022537 0.080189 0.045073
0 0.011792 0.296646 0.023584 0.1174
4 0.347877 0.145702 0.073113 0.134172
4 0.4375 0.133124 0.073113 0.159329
