5 0.035967 0.22327 0.071934 0.129979
5 0.392689 0.794549 0.134434 0.257862
4 0.10908 0.39413 0.206368 0.174004
4 0.271226 0.514675 0.117925 0.234801
4 0.386792 0.600629 0.115566 0.142558
4 0.28066 0.766247 0.09434 0.209644
4 0.379127 0.937631 0.204009 0.124738
4 0.49941 0.858491 0.064858 0.150943
4 0.617335 0.68239 0.180425 0.251572
4 0.426297 0.100629 0.232311 0.186583
4 0.622052 0.216981 0.114387 0.176101
4 0.616745 0.043501 0.115566 0.087002
4 0.71875 0.257862 0.081368 0.169811
4 0.89033 0.348008 0.21934 0.148847
4 0.84434 0.175052 0.136792 0.092243
0 0.951061 0.028826 0.097877 0.057652
0 0.867925 0.120545 0.037736 0.050314
