0 0.886792 0.472746 0.122642 0.188679
0 0.815448 0.360587 0.112028 0.186583
0 0.721108 0.226415 0.095519 0.140461
0 0.664505 0.111111 0.102594 0.15304
0 0.581958 0.033019 0.126179 0.066038
0 0.96875 0.633124 0.0625 0.232704
0 0.956958 0.143606 0.086084 0.155136
0 0.89092 0.052935 0.095519 0.10587
0 0.988208 0.264151 0.023584 0.098532
2 0.895047 0.814465 0.115566 0.188679
2 0.771816 0.611111 0.100236 0.167715
2 0.728774 0.503145 0.087264 0.148847
2 0.650943 0.378407 0.089623 0.142558
2 0.580778 0.246331 0.083726 0.134172
2 0.498821 0.127883 0.073113 0.132075
2 0.429835 0.05608 0.0625 0.112159
4 0.915094 0.309224 0.091981 0.142558
