0 0.336675 0.359539 0.100236 0.176101
0 0.446934 0.292453 0.103774 0.192872
0 0.550118 0.221174 0.107311 0.176101
0 0.650354 0.158281 0.095519 0.159329
0 0.742925 0.087002 0.089623 0.150943
0 0.830778 0.044549 0.090802 0.089098
0 0.96934 0.125786 0.06132 0.190776
0 0.502948 0.972222 0.081368 0.055556
0 0.227594 0.041405 0.106132 0.082809
4 0.625 0.400419 0.146226 0.140461
3 0.950472 0.861635 0.056604 0.136268
2 0.247052 0.820755 0.239387 0.327044
2 0.153892 0.309224 0.178066 0.209644
2 0.295991 0.187631 0.120283 0.163522
2 0.405071 0.124738 0.10967 0.163522
2 0.503538 0.06499 0.106132 0.12369
2 0.603184 0.051887 0.0625 0.103774
2 0.48467 0.756813 0.101415 0.132075
