4 0.876179 0.727463 0.148585 0.21174
2 0.418632 0.6174 0.200472 0.356394
2 0.538915 0.128931 0.146226 0.218029
2 0.683962 0.181342 0.091981 0.205451
2 0.795401 0.226415 0.081368 0.207547
2 0.90566 0.275681 0.09434 0.226415
2 0.061321 0.143606 0.110849 0.142558
2 0.03125 0.378407 0.0625 0.247379
2 0.116156 0.035115 0.086085 0.07023
2 0.622642 0.833333 0.084906 0.163522
0 0.637382 0.36478 0.119104 0.169811
0 0.758255 0.416143 0.110849 0.159329
0 0.883844 0.468553 0.114387 0.176101
0 0.977005 0.544025 0.04599 0.192872
0 0.699292 0.030922 0.091981 0.061844
0 0.797759 0.051887 0.083726 0.103774
0 0.905071 0.071279 0.090802 0.132075
0 0.981132 0.073375 0.037736 0.090147
0 0.176297 0.212788 0.107311 0.180294
0 0.228774 0.063417 0.099057 0.126834
