0 0.862028 0.481132 0.040094 0.067086
0 0.857311 0.587002 0.035377 0.06499
0 0.964033 0.82914 0.0625 0.109015
0 0.941038 0.275681 0.117924 0.188679
0 0.922759 0.101677 0.121462 0.155136
4 0.126179 0.493711 0.108491 0.981132
5 0.185142 0.095912 0.091981 0.191824
4 0.274764 0.090147 0.09434 0.169811
4 0.208137 0.227463 0.074292 0.146751
4 0.337264 0.340671 0.061321 0.402516
4 0.785377 0.820231 0.183962 0.359538
4 0.778892 0.451782 0.104953 0.247379
4 0.626179 0.160377 0.127358 0.310273
4 0.679835 0.469602 0.086085 0.308176
