4 0.104953 0.117925 0.195755 0.235849
4 0.199292 0.316562 0.091981 0.106918
4 0.286557 0.300839 0.068396 0.142558
4 0.152123 0.485325 0.115566 0.222222
5 0.257075 0.494759 0.139151 0.291405
4 0.330189 0.520964 0.070755 0.243187
4 0.276533 0.663522 0.142689 0.201258
4 0.412736 0.801887 0.134434 0.251572
4 0.542453 0.918239 0.096698 0.148847
4 0.763561 0.908805 0.074292 0.134172
4 0.53066 0.503145 0.080189 0.140461
4 0.446934 0.349057 0.07783 0.163522
4 0.944575 0.165094 0.110849 0.330188
4 0.830778 0.133124 0.116745 0.146751
4 0.694575 0.066562 0.158019 0.133124
