2 0.601415 0.321803 0.068396 0.067086
2 0.430425 0.327044 0.158019 0.203354
2 0.044811 0.472746 0.089622 0.197065
2 0.037146 0.307128 0.074292 0.096436
2 0.037736 0.20021 0.075472 0.096436
2 0.037146 0.122642 0.074292 0.071279
2 0.041274 0.04717 0.07783 0.079665
2 0.379717 0.063941 0.089623 0.121593
2 0.48408 0.03826 0.0625 0.07652
2 0.561321 0.028826 0.056604 0.057652
4 0.70342 0.143606 0.09316 0.121593
3 0.935142 0.442348 0.040094 0.081761
0 0.60967 0.439203 0.058962 0.08805
0 0.507665 0.118449 0.071934 0.113208
0 0.584316 0.091195 0.064858 0.109015
0 0.658608 0.061845 0.064858 0.109015
0 0.731722 0.046646 0.071934 0.093291
0 0.797759 0.030922 0.0625 0.061844
0 0.864387 0.017296 0.068396 0.034591
0 0.971698 0.062893 0.056604 0.119497
0 0.143278 0.25891 0.097877 0.134172
0 0.141509 0.150943 0.084906 0.098532
0 0.141509 0.077568 0.084906 0.085954
0 0.14033 0.022537 0.075472 0.045073
