2 0.459316 0.323899 0.147406 0.218029
2 0.049528 0.468553 0.099056 0.142558
2 0.059552 0.30608 0.090802 0.090147
2 0.057783 0.198113 0.089623 0.075472
2 0.068396 0.112159 0.080189 0.067086
2 0.069575 0.039832 0.07783 0.056604
2 0.404481 0.06499 0.082547 0.106918
2 0.501769 0.031971 0.053066 0.063941
2 0.582547 0.023585 0.051887 0.04717
2 0.627948 0.314465 0.0625 0.077568
0 0.172759 0.257862 0.090802 0.140461
0 0.17217 0.146751 0.084906 0.111111
0 0.168042 0.073375 0.071934 0.077568
0 0.529481 0.106918 0.066038 0.106918
0 0.607311 0.083857 0.068396 0.09434
0 0.679245 0.059748 0.066038 0.104822
0 0.752358 0.04717 0.070755 0.092243
0 0.823703 0.038784 0.067217 0.071279
0 0.641509 0.431866 0.061321 0.085954
0 0.982901 0.062893 0.034198 0.106918
0 0.89033 0.021488 0.058962 0.042976
0 0.167453 0.021488 0.075472 0.042976
3 0.961085 0.43501 0.040094 0.083857
4 0.73467 0.144654 0.101415 0.098532
