4 0.208726 0.218029 0.089623 0.161426
4 0.119104 0.29979 0.082547 0.140461
0 0.415094 0.271488 0.103774 0.150943
0 0.308962 0.322851 0.110849 0.148847
0 0.206958 0.416143 0.095519 0.201258
0 0.096698 0.48218 0.108491 0.186583
0 0.022406 0.557652 0.044811 0.144654
0 0.04717 0.163522 0.09434 0.15304
0 0.139741 0.114256 0.100236 0.167715
0 0.235849 0.05608 0.084906 0.112159
0 0.330778 0.035115 0.09316 0.07023
2 0.606722 0.370021 0.163915 0.289308
2 0.491156 0.464361 0.074292 0.184486
2 0.385613 0.556604 0.091981 0.197065
2 0.241745 0.662474 0.073113 0.190776
2 0.162736 0.710692 0.073113 0.203354
2 0.04717 0.802935 0.09434 0.161426
