0 0.227005 0.15304 0.086085 0.174004
0 0.284788 0.043501 0.088443 0.087002
0 0.020637 0.044549 0.041274 0.089098
0 0.679835 0.37631 0.112028 0.159329
0 0.79658 0.462264 0.112028 0.180294
0 0.920991 0.536688 0.120283 0.186583
0 0.856722 0.077044 0.09316 0.154088
0 0.75 0.045597 0.066038 0.091194
0 0.957547 0.12369 0.084906 0.140461
4 0.896816 0.765199 0.159198 0.190776
2 0.440448 0.595388 0.229953 0.350105
2 0.635613 0.850105 0.082547 0.150943
2 0.581368 0.124738 0.139151 0.192872
2 0.723467 0.198113 0.083726 0.197065
2 0.837264 0.264151 0.084906 0.21174
2 0.95283 0.320755 0.087264 0.21174
2 0.053656 0.277778 0.107311 0.222222
2 0.130307 0.075472 0.097877 0.140461
