4 0.319575 0.534591 0.117925 0.257862
3 0.685142 0.520964 0.054245 0.096436
2 0.783608 0.18239 0.161557 0.190776
2 0.675708 0.068134 0.068396 0.104822
2 0.181604 0.041929 0.056604 0.073375
2 0.222288 0.146751 0.064858 0.077568
2 0.141509 0.15304 0.066038 0.085954
2 0.095519 0.244235 0.058962 0.075472
2 0.17158 0.273585 0.060142 0.079665
2 0.041863 0.384696 0.076651 0.100629
2 0.120283 0.421384 0.049528 0.098532
2 0.041863 0.591195 0.074292 0.085954
2 0.352005 0.958595 0.083726 0.082809
0 0.93809 0.458071 0.074292 0.125786
0 0.590212 0.091195 0.107311 0.125786
0 0.49941 0.030922 0.09316 0.061844
0 0.339033 0.050839 0.081368 0.101677
0 0.294222 0.185535 0.088443 0.138365
0 0.25 0.325996 0.09434 0.159329
0 0.191038 0.484277 0.108491 0.190776
0 0.12559 0.667715 0.10967 0.209644
0 0.056014 0.8826 0.112028 0.232704
0 0.034788 0.19392 0.069575 0.08805
0 0.054835 0.078616 0.100236 0.146751
