0 0.969929 0.070231 0.060142 0.1174
4 0.268278 0.068658 0.295991 0.137316
4 0.386792 0.250524 0.169811 0.192872
4 0.451061 0.464361 0.107311 0.180294
4 0.425118 0.602725 0.163915 0.092243
5 0.485259 0.779874 0.133255 0.358491
4 0.545991 0.610063 0.073113 0.18239
4 0.556014 0.841719 0.0625 0.251572
4 0.387382 0.780922 0.090802 0.218029
4 0.683962 0.716981 0.056604 0.165618
4 0.731132 0.875262 0.068396 0.146751
4 0.735849 0.084906 0.101415 0.163522
4 0.642689 0.07652 0.073113 0.109015
4 0.839033 0.220126 0.284198 0.106918
4 0.826061 0.342767 0.107311 0.134172
4 0.925708 0.523061 0.120283 0.201258
5 0.941627 0.330189 0.107311 0.167715
