2 0.431604 0.59434 0.242925 0.360587
2 0.630896 0.841719 0.073113 0.159329
2 0.044811 0.307128 0.089622 0.255765
2 0.112028 0.08805 0.103774 0.12369
2 0.576061 0.119497 0.123821 0.194969
2 0.712854 0.190776 0.079009 0.174004
2 0.823703 0.257862 0.074292 0.190776
2 0.941627 0.311321 0.079009 0.230608
4 0.895047 0.757862 0.146226 0.184486
0 0.666863 0.374214 0.10967 0.163522
0 0.784788 0.447589 0.116745 0.171908
0 0.90684 0.525157 0.113208 0.180294
0 0.988208 0.611111 0.023584 0.150943
0 0.95283 0.115304 0.091981 0.148847
0 0.846698 0.068658 0.080189 0.137316
0 0.737028 0.037212 0.075472 0.074423
0 0.216392 0.163522 0.102594 0.165618
0 0.277712 0.045597 0.09316 0.091194
0 0.016509 0.039308 0.033018 0.078616
