2 0.897995 0.27044 0.147406 0.215933
2 0.797759 0.120545 0.074292 0.100629
2 0.373821 0.916143 0.07783 0.140461
2 0.111439 0.43501 0.116745 0.142558
2 0.181604 0.290356 0.099057 0.138365
2 0.251769 0.179245 0.100236 0.1174
2 0.326651 0.079665 0.063679 0.081761
2 0.048939 0.611111 0.071934 0.109015
4 0.395637 0.475891 0.121462 0.207547
0 0.118514 0.724319 0.114387 0.218029
0 0.204599 0.549266 0.102594 0.199161
0 0.282429 0.393082 0.088443 0.171908
0 0.350825 0.259958 0.079009 0.148847
0 0.404481 0.13522 0.073113 0.134172
0 0.458726 0.039308 0.070755 0.078616
0 0.620873 0.040356 0.116745 0.080712
0 0.704599 0.136268 0.107311 0.132075
0 0.943396 0.041405 0.113208 0.082809
0 0.135024 0.075472 0.095519 0.106918
0 0.064269 0.185535 0.100236 0.129979
0 0.021226 0.322851 0.042452 0.090147
0 0.201651 0.025681 0.061321 0.051362
3 0.755896 0.581761 0.058962 0.138365
