4 0.113797 0.813941 0.095519 0.372117
5 0.196934 0.78826 0.125 0.232704
4 0.214623 0.655136 0.136792 0.062893
4 0.284198 0.767296 0.096698 0.199161
4 0.294222 0.39413 0.086085 0.446541
4 0.560142 0.1174 0.134434 0.186583
4 0.591981 0.530398 0.115566 0.375262
4 0.614976 0.860587 0.107311 0.272537
4 0.377358 0.222222 0.066038 0.157233
4 0.353774 0.082809 0.066038 0.142558
4 0.754717 0.669811 0.143868 0.171908
4 0.969929 0.149895 0.060142 0.163522
4 0.918632 0.257862 0.073113 0.111111
4 0.807783 0.095388 0.068396 0.150943
4 0.346698 0.924004 0.054245 0.151992
4 0.705189 0.954403 0.056604 0.091194
4 0.229363 0.174004 0.060142 0.106918
4 0.882075 0.030922 0.087264 0.061844
0 0.945755 0.942872 0.10849 0.114256
0 0.920401 0.80608 0.123821 0.155136
0 0.887972 0.651992 0.080189 0.12369
0 0.806604 0.475891 0.066038 0.127883
0 0.761792 0.375262 0.089623 0.098532
0 0.721698 0.266247 0.080189 0.098532
0 0.685731 0.189727 0.079009 0.079665
0 0.659788 0.116352 0.055425 0.08805
0 0.633844 0.051363 0.057783 0.050314
0 0.864387 0.141509 0.051887 0.109015
0 0.954599 0.240042 0.050708 0.1174
0 0.04658 0.081237 0.09316 0.162474
0 0.263561 0.047694 0.104953 0.095388
0 0.616745 0.014151 0.049528 0.028302
0 0.972288 0.350105 0.055424 0.077568
