0 0.114387 0.252621 0.101415 0.134172
0 0.113797 0.147799 0.09316 0.08805
0 0.115566 0.070231 0.087264 0.075472
0 0.116156 0.024109 0.079009 0.041929
0 0.57783 0.428721 0.066038 0.092243
0 0.482901 0.109015 0.071934 0.119497
0 0.559552 0.084906 0.069575 0.100629
0 0.632665 0.0587 0.067217 0.106918
0 0.70283 0.045073 0.066038 0.08805
0 0.771226 0.031971 0.063679 0.063941
0 0.838443 0.016247 0.066038 0.032494
0 0.976415 0.167715 0.04717 0.111111
0 0.956958 0.0587 0.086084 0.111111
4 0.678066 0.138365 0.091981 0.115304
3 0.903302 0.429769 0.040094 0.085954
2 0.401533 0.325996 0.14033 0.188679
2 0.360849 0.060273 0.080189 0.120545
2 0.458137 0.037212 0.067217 0.074423
2 0.538325 0.021488 0.055425 0.042976
2 0.021226 0.457023 0.042452 0.165618
2 0.026533 0.294549 0.053066 0.104822
2 0.03125 0.187631 0.050708 0.067086
2 0.037736 0.034591 0.040094 0.062893
2 0.571934 0.322851 0.058962 0.073375
