2 0.326061 0.698113 0.246462 0.303983
2 0.567807 0.769392 0.074292 0.12369
2 0.349646 0.154088 0.14033 0.184486
2 0.498231 0.140461 0.09316 0.178197
2 0.605542 0.127883 0.086085 0.186583
2 0.709316 0.118449 0.081368 0.188679
2 0.810731 0.111111 0.09316 0.186583
2 0.923349 0.121593 0.080189 0.132075
2 0.965212 0.041405 0.0625 0.082809
0 0.489976 0.312369 0.102594 0.15304
0 0.60908 0.310273 0.09316 0.157233
0 0.722288 0.298742 0.086085 0.167715
0 0.841392 0.289308 0.107311 0.161426
0 0.95283 0.278826 0.09434 0.157233
0 0.021816 0.429769 0.043632 0.199161
0 0.03125 0.248428 0.0625 0.150943
0 0.043042 0.100629 0.086084 0.136268
0 0.522995 0.985849 0.057783 0.028302
4 0.761792 0.527254 0.174528 0.167715
