0 0.623231 0.539832 0.060142 0.075472
0 0.262382 0.489518 0.107311 0.104822
0 0.367335 0.192872 0.137972 0.157233
0 0.464623 0.124738 0.042453 0.092243
0 0.443986 0.031447 0.071934 0.056604
0 0.376179 0.074423 0.051887 0.079665
0 0.26533 0.204403 0.063679 0.092243
0 0.183962 0.180294 0.122642 0.098532
0 0.064858 0.179245 0.115566 0.092243
0 0.138561 0.449686 0.147406 0.159329
0 0.037736 0.412998 0.075472 0.132075
0 0.014151 0.645702 0.028302 0.127883
2 0.448703 0.432914 0.123821 0.150943
2 0.330189 0.384696 0.070755 0.125786
2 0.228774 0.290356 0.056604 0.0587
2 0.044811 0.295597 0.089622 0.106918
2 0.159788 0.355346 0.048349 0.054507
2 0.221108 0.367925 0.053066 0.050314
2 0.544811 0.044025 0.07783 0.085954
2 0.628538 0.036688 0.061321 0.067086
2 0.70283 0.040881 0.066038 0.0587
2 0.78066 0.052411 0.068396 0.048218
2 0.903302 0.106918 0.061321 0.085954
2 0.965212 0.147799 0.0625 0.062893
3 0.456368 0.777778 0.068396 0.073375
0 0.266509 0.075472 0.023585 0.018868
0 0.183373 0.08805 0.020047 0.031447
0 0.331958 0.056604 0.017689 0.031447
0 0.082547 0.573375 0.023585 0.033543
