4 0.728774 0.137317 0.099057 0.109015
3 0.958726 0.439203 0.040094 0.083857
0 0.639151 0.433962 0.061321 0.073375
0 0.528892 0.109015 0.074292 0.102725
0 0.60967 0.084906 0.068396 0.092243
0 0.682193 0.061845 0.064858 0.100629
0 0.753538 0.036688 0.073113 0.067086
0 0.817807 0.030922 0.060142 0.061844
0 0.885024 0.018344 0.064858 0.036688
0 0.978184 0.057128 0.043632 0.114256
0 0.165094 0.252621 0.091981 0.146751
0 0.165684 0.141509 0.083726 0.079665
0 0.160377 0.063941 0.068396 0.067086
0 0.165684 0.018344 0.076651 0.036688
2 0.448703 0.320755 0.159198 0.199161
2 0.053656 0.47065 0.107311 0.180294
2 0.056604 0.305031 0.089623 0.092243
2 0.0625 0.194969 0.073113 0.081761
2 0.0625 0.118449 0.061321 0.067086
2 0.069575 0.038784 0.073113 0.062893
2 0.40566 0.0587 0.080189 0.115304
2 0.502358 0.037212 0.061321 0.074423
2 0.582547 0.023585 0.054245 0.04717
2 0.629127 0.316562 0.060142 0.060797
