0 0.474631 0.160835 0.432971 0.32167
0 0.410784 0.97912 0.706114 0.04176
2 0.063224 0.626411 0.100632 0.155756
2 0.183728 0.610045 0.084565 0.098194
2 0.278864 0.602144 0.063423 0.107223
2 0.46998 0.602709 0.087102 0.092551
2 0.46406 0.455982 0.070189 0.076749
2 0.630652 0.414786 0.07188 0.080135
2 0.649679 0.568284 0.079491 0.102709
4 0.97917 0.275959 0.04166 0.08465
4 0.982553 0.896727 0.034894 0.059819
4 0.463214 0.918172 0.08541 0.059819
4 0.394717 0.953725 0.046511 0.038375
4 0.324106 0.968962 0.059195 0.039503
4 0.054345 0.983634 0.062578 0.032731
6 0.564269 0.430023 0.027061 0.024831
