0 0.983571 0.231429 0.032857 0.262857
0 0.981429 0.047857 0.037143 0.095714
0 0.2 0.059286 0.4 0.118571
0 0.145714 0.653571 0.291429 0.441429
2 0.653571 0.075 0.09 0.081429
2 0.657857 0.193571 0.092857 0.092857
2 0.670714 0.347857 0.095714 0.11
2 0.175714 0.463571 0.08 0.087143
2 0.926429 0.495714 0.124286 0.12
2 0.115 0.303571 0.075714 0.07
2 0.474286 0.202143 0.071429 0.07
2 0.470714 0.117143 0.081429 0.071429
2 0.172857 0.38 0.091429 0.062857
2 0.106429 0.175 0.07 0.072857
2 0.947857 0.396429 0.087143 0.067143
