0 0.16 0.256429 0.171429 0.15
0 0.291429 0.469286 0.054286 0.09
0 0.405 0.471429 0.075714 0.1
0 0.481429 0.460714 0.06 0.115714
0 0.099286 0.747857 0.124286 0.132857
0 0.367143 0.797857 0.117143 0.064286
0 0.585714 0.653571 0.12 0.084286
0 0.896429 0.632143 0.138571 0.115714
0 0.874286 0.505 0.094286 0.078571
0 0.547143 0.909286 0.082857 0.087143
0 0.345714 0.942857 0.125714 0.114286
0 0.055714 0.924286 0.091429 0.111429
0 0.202143 0.965714 0.075714 0.068571
0 0.487857 0.176429 0.092857 0.11
0 0.971429 0.484286 0.057143 0.085714
0 0.682857 0.227143 0.071429 0.114286
0 0.930714 0.195714 0.075714 0.077143
2 0.166429 0.388571 0.092857 0.077143
2 0.142857 0.689286 0.117143 0.09
2 0.917143 0.4 0.088571 0.074286
0 0.227143 0.781429 0.102857 0.065714
