0 0.175 0.072143 0.092857 0.075714
0 0.529286 0.061429 0.095714 0.12
0 0.092143 0.551429 0.15 0.102857
0 0.115714 0.394286 0.1 0.137143
0 0.068571 0.939286 0.125714 0.098571
0 0.891429 0.069286 0.054286 0.09
0 0.983571 0.071429 0.032857 0.1
0 0.699286 0.347857 0.124286 0.132857
0 0.954286 0.397857 0.091429 0.064286
0 0.941429 0.553571 0.117143 0.135714
0 0.655714 0.524286 0.091429 0.111429
0 0.802143 0.605 0.075714 0.147143
0 0.418571 0.117143 0.091429 0.111429
2 0.766429 0.013571 0.092857 0.027143
2 0.742857 0.289286 0.117143 0.09
0 0.827143 0.381429 0.102857 0.065714
