     0/199     7.42G    0.0701   0.04376   0.03263    0.1465        66       640  0.005778  0.006801  0.001178 0.0001648     0.102    0.1164   0.03641
     1/199     7.44G   0.06774   0.04372   0.02932    0.1408        81       640  0.008197   0.00747  0.001144 0.0002761   0.09684    0.1247   0.02908
     2/199     7.44G   0.06691   0.04654   0.02652      0.14        65       640   0.01448    0.0103    0.0018 0.0003275   0.09618    0.1245   0.02704
     3/199     7.44G   0.06654   0.04665   0.02423    0.1374        36       640   0.01049  0.007199  0.002404 0.0004676   0.09507    0.1247   0.02449
     4/199     7.44G   0.06528   0.04367    0.0218    0.1308        48       640   0.01094   0.09932  0.002393 0.0004608   0.09318    0.1244   0.02438
     5/199     7.44G   0.06296   0.04417   0.01958    0.1267         7       640   0.03751    0.1155   0.01969  0.004422   0.08958    0.1259   0.02115
     6/199     7.44G   0.06008   0.04436   0.01811    0.1226        18       640    0.2739   0.08127   0.03179  0.009325   0.08851    0.1289   0.02085
     7/199     7.44G   0.05951   0.04519   0.01703    0.1217       100       640    0.3066    0.1445   0.07303    0.0202   0.08505    0.1293   0.01845
     8/199     7.44G   0.05878   0.04464   0.01529    0.1187        46       640    0.3671    0.1513    0.1155   0.03579    0.0821    0.1371   0.01727
     9/199     7.44G   0.05701   0.04434   0.01361     0.115        14       640    0.3758    0.1748    0.1397   0.04477   0.08003    0.1413    0.0166
    10/199     7.44G     0.056   0.04471   0.01212    0.1128        36       640     0.377    0.2059    0.1574   0.03725   0.08103    0.1343   0.01494
    11/199     7.44G   0.05565   0.04266    0.0109    0.1092        57       640    0.6361    0.1992    0.1811   0.03913   0.08095    0.1314   0.01331
    12/199     7.45G   0.05417   0.04081  0.009574    0.1046        54       640      0.72    0.2685    0.2611   0.07682   0.07596    0.1346   0.01318
    13/199     7.45G   0.05356   0.04078  0.008438    0.1028        35       640    0.5153    0.2048     0.207   0.06895   0.08197    0.1366    0.0209
    14/199     7.45G   0.05293   0.04004  0.007627    0.1006         8       640    0.8278    0.2719    0.3018   0.07935   0.07786    0.1285   0.01166
    15/199     7.45G   0.05149    0.0394  0.007276   0.09817        52       640    0.6258    0.3625    0.3444   0.09229   0.07485    0.1273   0.01135
    16/199     7.45G   0.05019   0.03716  0.006236   0.09359        26       640       0.7     0.402    0.3966    0.1336   0.07423    0.1292    0.0105
    17/199     7.45G   0.05009   0.03717   0.00618   0.09343        19       640    0.7076    0.4222    0.4171     0.134   0.07363    0.1286   0.01036
    18/199     7.45G   0.04963   0.03654  0.005818   0.09199        46       640    0.7543    0.4159    0.4508    0.1368   0.07345    0.1219  0.009653
    19/199     7.45G   0.04846   0.03508  0.005308   0.08885        61       640    0.7046    0.4008    0.4175    0.1102   0.07426    0.1215   0.01019
    20/199     7.45G   0.04764   0.03471  0.004976   0.08732        64       640    0.7581    0.4001    0.4502      0.14   0.07272     0.119  0.009186
    21/199     7.45G   0.04716   0.03326  0.004514   0.08493        94       640    0.7636    0.4498    0.4544    0.1111   0.07418    0.1258  0.009426
    22/199     7.45G   0.04688   0.03376  0.004559    0.0852        28       640    0.7064    0.4103    0.4243    0.1164   0.07384    0.1258    0.0093
    23/199     7.45G   0.04574   0.03235  0.004133   0.08222        35       640    0.7887    0.4437    0.4709    0.1322    0.0745    0.1174  0.008814
    24/199     7.45G    0.0464   0.03459  0.004348   0.08535        31       640    0.8145    0.4753    0.5238    0.1545   0.07226    0.1201  0.008882
    25/199     7.45G   0.04567   0.03259  0.004134    0.0824        23       640    0.6035     0.398    0.3609   0.08561   0.07613    0.1185  0.008276
    26/199     7.45G   0.04499   0.03222  0.003818   0.08103        36       640    0.7781    0.4726    0.5042    0.1364   0.07381    0.1205  0.008577
    27/199     7.45G   0.04449   0.03223  0.003777    0.0805        29       640    0.7675    0.4683       0.5    0.1352   0.07373    0.1207  0.007916
    28/199     7.45G   0.04441   0.03189  0.003744   0.08004         7       640    0.6557    0.4131    0.4507   0.09875   0.07551    0.1229  0.008105
    29/199     7.45G   0.04427   0.03155  0.003464   0.07928        82       640    0.6956    0.5231    0.5386    0.1389   0.07326    0.1219  0.009275
    30/199     7.45G   0.04381   0.03092  0.003265     0.078        79       640    0.6915    0.2358    0.3074   0.07558   0.08398    0.1421   0.02235
    31/199     7.45G   0.04405   0.03156  0.003481   0.07909        71       640    0.5952    0.6024     0.692    0.2063   0.07249    0.1174  0.007526
    32/199     7.45G    0.0438   0.03161   0.00346   0.07888        33       640    0.6276    0.3653     0.413   0.08389   0.08096    0.1319   0.01358
    33/199     7.45G   0.04289   0.03039  0.003336   0.07662        50       640     0.549    0.5633    0.5121    0.1172   0.07457    0.1203  0.007048
    34/199     7.45G   0.04287   0.03136   0.00323   0.07745        31       640    0.6928    0.6044    0.6406    0.1508     0.076    0.1183  0.008851
    35/199     7.45G   0.04246   0.03017  0.003061   0.07569        68       640    0.7171    0.7105    0.7027     0.177   0.07232    0.1152  0.007162
    36/199     7.45G   0.04255   0.02955  0.003069   0.07516        15       640    0.6675    0.6043    0.5863     0.137   0.07615    0.1218  0.008094
    37/199     7.45G   0.04248   0.03039  0.002936   0.07581        12       640    0.6947    0.6712    0.6568    0.1533   0.07653     0.124   0.01003
    38/199     7.45G   0.04206    0.0298   0.00297   0.07483        80       640    0.6846    0.5746    0.5938    0.1509   0.07345    0.1194  0.006883
    39/199     7.45G   0.04209   0.03024  0.002904   0.07524        38       640    0.6691    0.6809    0.6411     0.178   0.07101    0.1168  0.006637
    40/199     7.45G   0.04204   0.03104  0.002853   0.07594         5       640    0.7372    0.6989    0.6797    0.1631   0.07252    0.1215  0.007212
    41/199     7.45G   0.04126   0.02955  0.002643   0.07346        16       640    0.8246    0.7032    0.7342    0.2244   0.06883    0.1188  0.006786
    42/199     7.45G   0.04139    0.0298  0.002791   0.07399        21       640    0.7364      0.71    0.6834    0.1754    0.0728    0.1193  0.007007
    43/199     7.45G    0.0411    0.0295  0.002721   0.07332        26       640    0.7239    0.6456    0.6391    0.1729   0.07351    0.1245  0.006896
    44/199     7.45G   0.04107    0.0291  0.002684   0.07285        24       640    0.6418    0.5635    0.5602    0.1405   0.07429    0.1243  0.006906
    45/199     7.45G   0.04037   0.02951  0.002666   0.07254        70       640    0.7618    0.6735    0.6943    0.1929   0.07249    0.1181  0.007135
    46/199     7.45G   0.04016   0.02907  0.002707   0.07194        40       640    0.7406    0.6667    0.6652    0.1709   0.07335    0.1235   0.00721
    47/199     7.45G   0.04016   0.02909  0.002513   0.07177        22       640      0.82    0.7518    0.7626    0.2136   0.07088    0.1246  0.006729
    48/199     7.45G   0.03996   0.02858  0.002422   0.07096        39       640    0.8053    0.6907    0.7186    0.2265   0.06803    0.1242   0.00638
    49/199     7.45G   0.03952   0.02896  0.002561   0.07104        70       640    0.6665    0.6584    0.6224    0.1593   0.07213     0.126  0.006515
    50/199     7.45G   0.03918   0.02888  0.002507   0.07057        24       640    0.7314    0.6871    0.6592    0.1926   0.07034    0.1258  0.006566
    51/199     7.45G   0.03916   0.02924  0.002428   0.07083        26       640    0.6557    0.6397    0.6274      0.19   0.07066    0.1231  0.006116
    52/199     7.45G   0.03895   0.02879   0.00244   0.07018       153       640    0.7559    0.7203    0.7398    0.2425   0.06919    0.1206  0.006222
    53/199     7.45G   0.03899   0.02883  0.002481    0.0703        16       640    0.6869    0.6491    0.6403    0.2031   0.06941    0.1293  0.006284
    54/199     7.45G   0.03813    0.0283  0.002136   0.06856        33       640    0.7613     0.708    0.7184    0.2597   0.06738    0.1246  0.005881
    55/199     7.45G   0.03833   0.02808  0.002263   0.06868        36       640    0.7145    0.6834    0.6902     0.209   0.06829    0.1267  0.006005
    56/199     7.45G   0.03816     0.028  0.002376   0.06853        32       640    0.7079    0.6927    0.6845    0.2234   0.06918    0.1224  0.006549
    57/199     7.45G   0.03777   0.02807  0.002295   0.06814        40       640    0.7247    0.6889    0.6941    0.2439   0.06753    0.1267  0.006012
    58/199     7.45G   0.03826   0.02886  0.002155   0.06927        39       640    0.7317    0.6909    0.7197    0.2701   0.06904    0.1259  0.007468
    59/199     7.45G   0.03724   0.02806   0.00224   0.06754        47       640    0.8387    0.7324    0.8018    0.2857   0.06681    0.1264  0.006436
    60/199     7.45G   0.03699    0.0275  0.002018   0.06651        15       640    0.7812    0.7673    0.7768    0.2993   0.06516    0.1308   0.00613
    61/199     7.45G   0.03736   0.02798  0.002308   0.06764        18       640    0.8081    0.7288    0.7668    0.2822   0.06571    0.1252  0.005851
    62/199     7.45G   0.03706   0.02796  0.002336   0.06736         3       640     0.721    0.5918    0.6365    0.2542   0.06584    0.1249  0.005678
    63/199     7.45G   0.03705   0.02768  0.002135   0.06686        14       640    0.7299    0.6956       0.7    0.2763   0.06542    0.1262  0.005778
    64/199     7.45G    0.0373   0.02776  0.002347   0.06741        10       640    0.8078    0.7311    0.7591    0.2926   0.06481    0.1304  0.005897
    65/199     7.45G   0.03641   0.02685  0.002084   0.06534        31       640    0.8546    0.7993    0.8431    0.3536   0.06347    0.1277  0.005387
    66/199     7.45G   0.03612   0.02708  0.002055   0.06526        30       640    0.8476    0.7706    0.8027    0.3228   0.06481    0.1202  0.006007
    67/199     7.45G   0.03678   0.02775  0.002169    0.0667        11       640     0.831    0.8009    0.8306    0.3203   0.06542    0.1272  0.006146
    68/199     7.45G   0.03655   0.02735  0.002176   0.06608        57       640    0.8297    0.8304    0.8548    0.3666   0.06352    0.1268  0.005518
    69/199     7.45G   0.03566   0.02693  0.001897   0.06449        28       640    0.7785    0.7153    0.7333    0.2686   0.06538    0.1258  0.005744
    70/199     7.45G    0.0362   0.02742  0.001993    0.0656        67       640    0.8683    0.7888    0.8151    0.3336   0.06423    0.1221  0.005761
    71/199     7.45G   0.03573   0.02668  0.002049   0.06447        18       640     0.838    0.8145    0.8628    0.3905   0.06205    0.1278  0.005377
    72/199     7.45G   0.03642   0.02747  0.002195   0.06608        66       640    0.8335    0.8008    0.8369    0.3438   0.06172    0.1271  0.005212
    73/199     7.45G   0.03599   0.02757  0.001994   0.06555        14       640    0.8366    0.7949    0.8249    0.3472   0.06412    0.1207   0.00564
    74/199     7.45G   0.03588    0.0277  0.002097   0.06568        64       640    0.8293    0.7816    0.8115    0.3357   0.06432    0.1291  0.005712
    75/199     7.45G   0.03589   0.02787  0.002076   0.06583        20       640    0.8441    0.8008    0.8291    0.3483   0.06332    0.1276  0.005511
    76/199     7.45G   0.03501   0.02703  0.001854    0.0639        21       640    0.8108    0.7931    0.7962     0.322   0.06365     0.122  0.005553
    77/199     7.45G    0.0351   0.02774  0.001981   0.06482        54       640    0.7619    0.7994    0.7948    0.3221   0.06294    0.1298  0.005389
    78/199     7.45G   0.03511   0.02724  0.002067   0.06442        22       640    0.7399    0.6862    0.6902    0.2945   0.06375    0.1293  0.005466
    79/199     7.45G    0.0351   0.02615  0.001953    0.0632        18       640    0.8303    0.8006    0.8326    0.3471   0.06321    0.1242   0.00554
    80/199     7.45G   0.03493   0.02695  0.001825   0.06371        38       640    0.8344    0.8031     0.854    0.3825   0.06196    0.1266  0.005332
    81/199     7.45G   0.03492   0.02722   0.00178   0.06392        53       640     0.885    0.8367    0.9013    0.4201   0.06146    0.1254  0.005335
    82/199     7.45G   0.03485   0.02645  0.001927   0.06323        26       640    0.8266    0.8849    0.8979    0.4082   0.06138    0.1277  0.005094
    83/199     7.45G   0.03476   0.02679  0.001907   0.06346        36       640    0.8797    0.8126    0.8837    0.4118   0.06137    0.1292  0.005579
    84/199     7.45G    0.0348   0.02671  0.001912   0.06342        63       640     0.891    0.7684    0.8549    0.3661    0.0623    0.1281  0.005305
    85/199     7.45G   0.03425    0.0264  0.001804   0.06245        76       640    0.8237    0.7835     0.792      0.35   0.06198    0.1264  0.005526
    86/199     7.45G   0.03392   0.02578  0.001923   0.06163        30       640     0.868    0.7581    0.8548    0.3732   0.06217    0.1266  0.005461
    87/199     7.45G   0.03403   0.02651  0.001878   0.06241        37       640     0.823    0.8242     0.869    0.3736   0.06301    0.1225  0.005636
    88/199     7.45G    0.0338   0.02593  0.001776    0.0615        10       640    0.8382    0.8445     0.868    0.3849   0.05985    0.1308  0.005138
    89/199     7.45G    0.0339   0.02618  0.001883   0.06196        38       640    0.8161     0.797    0.8415    0.3698   0.06179    0.1278  0.005223
    90/199     7.45G   0.03325   0.02569  0.001619   0.06056        39       640    0.8845    0.8448    0.9068    0.4074   0.05993     0.124  0.005154
    91/199     7.45G   0.03362   0.02619  0.001786    0.0616        17       640    0.8513    0.8452    0.8865    0.4033   0.06209    0.1212  0.005281
    92/199     7.45G   0.03342   0.02598  0.001832   0.06123        51       640    0.8234    0.8058    0.8492    0.3689   0.06073    0.1307  0.005049
    93/199     7.45G   0.03401   0.02679  0.001868   0.06267       110       640    0.8897    0.8204    0.8889    0.3935   0.06004    0.1294  0.005068
    94/199     7.45G   0.03342   0.02624  0.001787   0.06145        42       640    0.8566    0.8184    0.8843    0.4294   0.06208    0.1186  0.005502
    95/199     7.45G   0.03325   0.02649  0.001796   0.06154        13       640    0.8359    0.8551    0.9014    0.4144   0.06034    0.1273  0.005005
    96/199     7.45G   0.03268   0.02499  0.001775   0.05944       108       640    0.8611    0.8377    0.8974    0.4213   0.06013    0.1288  0.005172
    97/199     7.45G   0.03286   0.02613  0.001738   0.06072        35       640    0.8429     0.826    0.8769    0.3978    0.0608    0.1216  0.004926
    98/199     7.45G   0.03308   0.02624  0.001687   0.06101        46       640    0.8574    0.8439     0.886    0.3908   0.06155    0.1238  0.005028
    99/199     7.45G   0.03295   0.02492  0.001689   0.05957        43       640    0.8928    0.8344    0.9001    0.4172   0.06008    0.1304   0.00485
   100/199     7.45G   0.03339   0.02624  0.001786   0.06141        72       640    0.8713    0.8083    0.8809    0.4096   0.06026    0.1299  0.005188
   101/199     7.45G   0.03271   0.02561  0.001644   0.05996        50       640    0.8361    0.8842    0.8759    0.4071   0.06183    0.1261  0.005387
   102/199     7.45G   0.03319   0.02589  0.001788   0.06086        55       640    0.8931    0.7873    0.8749    0.4153   0.06021    0.1242  0.005068
   103/199     7.45G   0.03235   0.02491  0.001558   0.05882        32       640    0.8386     0.856    0.8986    0.4198   0.05976    0.1316  0.004885
   104/199     7.45G   0.03205   0.02547  0.001405   0.05893        58       640    0.8765    0.8457    0.8986    0.4231   0.05974    0.1305  0.005228
   105/199     7.45G   0.03281   0.02437  0.001658   0.05884         6       640    0.8801     0.849    0.9043    0.4177   0.06055     0.129  0.005233
   106/199     7.45G   0.03221   0.02503  0.001663    0.0589        18       640    0.8492    0.8562    0.8991    0.4376   0.06058    0.1294  0.005164
   107/199     7.45G   0.03254   0.02559  0.001636   0.05976        45       640    0.8652    0.8397    0.8849    0.4363   0.06053    0.1294  0.005274
   108/199     7.45G   0.03211   0.02607  0.001657   0.05984        33       640    0.8427    0.8353    0.8784    0.4157   0.06049    0.1255  0.005179
   109/199     7.45G   0.03237   0.02591  0.001673   0.05995        55       640    0.8783    0.8449    0.9036    0.4512   0.06018    0.1266  0.005053
   110/199     7.45G   0.03161   0.02462  0.001544   0.05778        56       640    0.8681     0.804    0.8852    0.4576   0.06102    0.1284  0.005346
   111/199     7.45G   0.03174   0.02503  0.001491   0.05826        18       640    0.8443    0.8722    0.9022    0.4248   0.05847     0.133  0.004777
   112/199     7.45G   0.03157   0.02431  0.001562   0.05744        55       640     0.911    0.7694    0.8666    0.4366   0.05939    0.1292  0.005057
   113/199     7.45G   0.03214    0.0247  0.001649   0.05849        33       640    0.9121    0.7968    0.8784    0.4518   0.05774    0.1305  0.005244
   114/199     7.45G   0.03226    0.0252  0.001688   0.05914         5       640    0.9037    0.7809    0.8721    0.4032   0.05912    0.1303  0.005412
   115/199     7.45G    0.0319   0.02501  0.001573   0.05849        30       640    0.8453    0.8546    0.8928    0.4527   0.05771    0.1348  0.005349
   116/199     7.45G   0.03153   0.02501  0.001541   0.05808        29       640    0.8802    0.7977    0.8722    0.4411   0.05993    0.1312   0.00535
   117/199     7.45G   0.03204   0.02461  0.001569   0.05822        64       640    0.8827    0.8256    0.8928    0.4412   0.05928    0.1304  0.005148
   118/199     7.45G   0.03147   0.02394  0.001512   0.05693        49       640    0.9102     0.796    0.8767    0.4291   0.05791    0.1327  0.005073
   119/199     7.45G   0.03171   0.02476  0.001583   0.05805        26       640    0.8551    0.8607    0.9025    0.4482   0.05771    0.1325  0.005085
   120/199     7.45G   0.03169   0.02481  0.001653   0.05815         9       640      0.89    0.8513    0.9189    0.4775   0.05688    0.1365  0.004939
   121/199     7.45G   0.03122   0.02494  0.001588   0.05775        45       640    0.8631    0.8448     0.891    0.4753   0.05773    0.1326  0.005036
   122/199     7.45G   0.03152   0.02483  0.001674   0.05802        23       640    0.8323    0.8553     0.896    0.4376   0.05863    0.1284  0.005014
   123/199     7.45G   0.03095   0.02464  0.001431   0.05702        76       640     0.918    0.7878    0.8848    0.4441   0.05882    0.1342  0.005018
   124/199     7.45G   0.03168   0.02426  0.001604   0.05755        16       640    0.9053    0.8187    0.8921    0.4309   0.05794    0.1347  0.004992
   125/199     7.45G   0.03099   0.02392  0.001595    0.0565        43       640    0.8901    0.8616    0.9213    0.4383   0.05801    0.1302  0.004988
   126/199     7.45G   0.03072   0.02411  0.001416   0.05624        53       640    0.8924     0.841    0.9003     0.451   0.05809    0.1328  0.004908
   127/199     7.45G   0.03109   0.02447  0.001474   0.05704        51       640    0.8838    0.8489    0.9006    0.4567   0.05826    0.1284  0.004919
   128/199     7.45G   0.03096   0.02387  0.001464    0.0563        13       640    0.8369    0.8885    0.9088    0.4448   0.05744    0.1313  0.004949
   129/199     7.45G   0.03121   0.02507  0.001623    0.0579        65       640    0.8628     0.889    0.9045    0.4344   0.05802    0.1318  0.004976
   130/199     7.45G   0.03094   0.02424  0.001574   0.05675        16       640    0.8819    0.8664    0.9051    0.4208   0.05826    0.1323  0.005188
   131/199     7.45G   0.03088   0.02485  0.001472    0.0572        18       640    0.9019    0.8165    0.8989     0.456   0.05772    0.1295  0.004908
   132/199     7.45G   0.03063   0.02425  0.001329    0.0562        10       640    0.8993    0.8075    0.9058    0.4466   0.05806    0.1364  0.004912
   133/199     7.45G   0.03061    0.0246  0.001488    0.0567        61       640    0.8551    0.8652    0.9154    0.4489   0.05869     0.128  0.005065
   134/199     7.45G   0.03081   0.02393  0.001515   0.05626        19       640    0.8649    0.8714    0.9241    0.4867    0.0573    0.1286  0.004999
   135/199     7.45G   0.03024   0.02415  0.001362   0.05576        57       640    0.8678    0.8669    0.9164    0.4736   0.05716    0.1256  0.005065
   136/199     7.45G   0.03036   0.02427   0.00152   0.05615        26       640    0.9106    0.8374    0.9127    0.4721   0.05724    0.1332     0.005
   137/199     7.45G   0.03084   0.02353  0.001505   0.05587        95       640       0.9    0.8494    0.9267    0.4576    0.0573     0.131  0.005049
   138/199     7.45G   0.03016   0.02342  0.001398   0.05498         7       640    0.8828    0.8767    0.9216    0.4484   0.05792    0.1292  0.005081
   139/199     7.45G   0.03027    0.0243  0.001441   0.05601        71       640    0.8506    0.8816    0.9173    0.4565   0.05736    0.1312  0.004969
   140/199     7.45G   0.02997     0.024  0.001421   0.05539        97       640    0.9138    0.8158    0.9065    0.4593   0.05673    0.1296  0.005044
   141/199     7.45G   0.03023   0.02429  0.001484     0.056        81       640    0.9243    0.7935    0.8663    0.4416    0.0575    0.1358  0.004973
   142/199     7.45G   0.03011   0.02382   0.00137    0.0553        22       640    0.9224    0.8032    0.8892    0.4449    0.0571    0.1344  0.004786
   143/199     7.45G   0.02995   0.02345  0.001419   0.05482        29       640    0.8738    0.8637    0.9194     0.476   0.05669    0.1328  0.004914
   144/199     7.45G   0.03036   0.02443  0.001528   0.05632        12       640    0.8348    0.8824    0.9006    0.4849   0.05678    0.1319  0.005044
   145/199     7.45G   0.02983   0.02392  0.001415   0.05516        62       640    0.9166    0.8032    0.8809    0.4665   0.05713    0.1329  0.004943
   146/199     7.45G   0.02963   0.02394   0.00137   0.05495        43       640    0.8918     0.814    0.8904    0.4501    0.0576    0.1352  0.004994
   147/199     7.45G   0.03025   0.02358   0.00139   0.05522        50       640    0.8688    0.8581    0.9069    0.4534   0.05754    0.1274  0.004996
   148/199     7.45G   0.02978    0.0246  0.001373   0.05575        45       640    0.8354    0.8773     0.891    0.4536    0.0578    0.1328  0.004924
   149/199     7.45G   0.02997   0.02392  0.001458   0.05535        56       640    0.9035    0.8064    0.8607    0.4452   0.05712    0.1336  0.004912
   150/199     7.45G   0.03005   0.02437  0.001565   0.05599        49       640     0.887    0.8472     0.883    0.4507   0.05804    0.1334   0.00506
   151/199     7.45G   0.02989   0.02443  0.001422   0.05574        46       640    0.8932    0.8388    0.8962    0.4436   0.05828    0.1313  0.005056
   152/199     7.45G    0.0296   0.02343  0.001425   0.05446        10       640    0.9254    0.8254    0.9103    0.4486   0.05766    0.1335  0.005102
   153/199     7.45G   0.02939   0.02355  0.001397   0.05435        30       640    0.9203    0.8301    0.8969    0.4622   0.05774    0.1362  0.005054
   154/199     7.45G   0.02927   0.02404  0.001211   0.05452        52       640    0.8717    0.8533    0.8934    0.4567   0.05721    0.1365  0.004915
   155/199     7.45G   0.02946    0.0238  0.001324   0.05458        12       640    0.8713    0.8507    0.8957    0.4492   0.05737    0.1343  0.005026
   156/199     7.45G   0.02953    0.0236    0.0013   0.05443        43       640    0.8912    0.8624    0.9023     0.451   0.05759    0.1333  0.005046
   157/199     7.45G    0.0298   0.02388  0.001414   0.05509        31       640    0.9174    0.8064    0.8838    0.4528   0.05763    0.1351  0.005003
   158/199     7.45G   0.02958    0.0239   0.00138   0.05486        93       640    0.8799    0.8643    0.8827    0.4453   0.05686     0.137  0.004915
   159/199     7.45G   0.02926    0.0235  0.001456   0.05422         7       640     0.898    0.8421    0.8868    0.4441   0.05757    0.1338   0.00496
   160/199     7.45G   0.02944   0.02381  0.001356   0.05461        15       640    0.9107    0.8285    0.8855    0.4248   0.05727    0.1351  0.004983
   161/199     7.45G   0.02915    0.0236  0.001267   0.05402        10       640    0.8835    0.8557     0.894     0.433   0.05726    0.1362  0.005083
   162/199     7.45G   0.02886   0.02274  0.001228   0.05283        86       640    0.8889    0.8531    0.8993    0.4524   0.05642     0.134  0.004991
   163/199     7.45G   0.02931   0.02378  0.001384   0.05447        22       640    0.9067    0.8315    0.8757    0.4341   0.05794    0.1353   0.00512
   164/199     7.45G   0.02921   0.02323  0.001297   0.05374        92       640    0.9115    0.8408    0.9034      0.46   0.05708    0.1366  0.005019
   165/199     7.45G   0.02901   0.02423  0.001363    0.0546        53       640    0.8928    0.8379     0.883    0.4498   0.05711    0.1356  0.004955
   166/199     7.45G   0.02877   0.02278  0.001325   0.05287        13       640     0.904    0.8277     0.899    0.4572   0.05795    0.1342  0.004987
   167/199     7.45G   0.02864    0.0228  0.001188   0.05263        26       640     0.903    0.8476    0.9069    0.4617   0.05694    0.1353  0.004958
   168/199     7.45G   0.02901   0.02301  0.001369   0.05339        56       640    0.8775    0.8557    0.8929    0.4528    0.0564    0.1368  0.004865
   169/199     7.45G   0.02899   0.02285  0.001362    0.0532        48       640    0.8991    0.8538    0.9028    0.4672   0.05666    0.1366  0.004887
   170/199     7.45G   0.02879   0.02288  0.001308   0.05298        52       640    0.8936    0.8723    0.9215    0.4665   0.05672    0.1341  0.004968
   171/199     7.45G   0.02912   0.02402  0.001282   0.05442        26       640    0.8953    0.8582    0.9055    0.4673   0.05726    0.1364  0.005164
   172/199     7.45G    0.0288   0.02334  0.001365    0.0535        22       640    0.9033    0.8463    0.9062    0.4629   0.05704    0.1361  0.005063
   173/199     7.45G   0.02866   0.02312  0.001281   0.05306        41       640     0.898    0.8437    0.8929    0.4613   0.05757    0.1373  0.005027
   174/199     7.45G   0.02922   0.02347  0.001361   0.05405         7       640    0.8953    0.8433    0.8979    0.4722   0.05677    0.1367  0.004905
   175/199     7.45G   0.02804   0.02245  0.001179   0.05167        44       640    0.8905    0.8399    0.8972    0.4662   0.05769    0.1367  0.005095
   176/199     7.45G   0.02898   0.02286  0.001289   0.05312        47       640    0.8673    0.8504    0.8934    0.4588   0.05677    0.1364   0.00498
   177/199     7.45G   0.02811   0.02266  0.001193   0.05196        24       640    0.9027     0.838    0.8943    0.4586    0.0567    0.1393  0.004947
   178/199     7.45G   0.02886   0.02301  0.001284   0.05316        16       640    0.8678     0.852    0.8846    0.4654   0.05676    0.1366  0.004877
   179/199     7.45G   0.02901   0.02353  0.001376   0.05392        17       640    0.8901    0.8627    0.9102    0.4678   0.05702    0.1365  0.004984
   180/199     7.45G   0.02824   0.02273  0.001231    0.0522        65       640     0.876    0.8728    0.9067    0.4653   0.05697    0.1375  0.005036
   181/199     7.45G   0.02833   0.02332  0.001298   0.05295        70       640    0.9062    0.8517     0.916    0.4805   0.05684    0.1347   0.00498
   182/199     7.45G   0.02842   0.02284  0.001171   0.05242        13       640    0.9097    0.8577    0.9161    0.4832   0.05658    0.1353  0.004988
   183/199     7.45G   0.02863   0.02388  0.001302   0.05381        13       640    0.9292    0.8371    0.9083    0.4734    0.0571    0.1363  0.005036
   184/199     7.45G   0.02857   0.02319  0.001304   0.05306        33       640    0.9207    0.8421    0.8994    0.4692   0.05681    0.1376  0.004957
   185/199     7.45G    0.0281   0.02291  0.001168   0.05218        41       640     0.906    0.8471     0.894    0.4694   0.05645    0.1381  0.004921
   186/199     7.45G   0.02835   0.02429    0.0013   0.05394        24       640    0.8936    0.8823    0.9207    0.4662   0.05721    0.1333  0.005028
   187/199     7.45G   0.02858   0.02335  0.001347   0.05327        21       640    0.9316    0.8441    0.9129    0.4742   0.05673    0.1355  0.005019
   188/199     7.45G   0.02869   0.02383  0.001375   0.05389        15       640    0.9072    0.8534    0.9093    0.4772   0.05658    0.1368  0.004982
   189/199     7.45G   0.02858   0.02297  0.001254    0.0528        15       640    0.9119    0.8471    0.9045    0.4818   0.05686    0.1347  0.004993
   190/199     7.45G   0.02825   0.02318  0.001294   0.05272        74       640    0.9277    0.8354    0.9074    0.4788   0.05636    0.1347  0.004968
   191/199     7.45G   0.02848   0.02368  0.001337    0.0535        65       640     0.923    0.8439    0.9094    0.4714   0.05618    0.1368  0.005039
   192/199     7.45G   0.02799   0.02294  0.001258   0.05219        28       640    0.9148    0.8481    0.9014    0.4818   0.05602    0.1362  0.004949
   193/199     7.45G     0.028   0.02278  0.001251   0.05203        15       640    0.9106     0.858    0.9183    0.4888    0.0558    0.1365  0.004902
   194/199     7.45G   0.02798   0.02186  0.001234   0.05108        36       640    0.9133    0.8497    0.9162    0.4857   0.05642    0.1348  0.005014
   195/199     7.45G   0.02773   0.02271  0.001229   0.05166        27       640    0.9074    0.8558     0.905    0.4743   0.05686    0.1361  0.005129
   196/199     7.45G   0.02855    0.0227  0.001262   0.05251        29       640    0.8854    0.8847    0.9222    0.4933   0.05645    0.1366  0.005054
   197/199     7.45G   0.02807   0.02361  0.001262   0.05294        49       640    0.9123    0.8501    0.9126    0.4772   0.05644    0.1378  0.004983
   198/199     7.45G   0.02778   0.02334  0.001226   0.05234        15       640    0.9187    0.8494    0.9193     0.485    0.0566    0.1352  0.004962
   199/199     7.45G   0.02857   0.02326  0.001307   0.05314        32       640    0.8985    0.8447     0.898     0.474   0.05674    0.1358  0.004941
