0 0.2 0.418333 0.4 0.573333
2 0.495833 0.193333 0.128333 0.113333
2 0.5175 0.4125 0.101667 0.105
2 0.6775 0.400833 0.101667 0.111667
2 0.631667 0.145833 0.086667 0.128333
2 0.695833 0.654167 0.105 0.095
2 0.700833 0.7925 0.108333 0.108333
2 0.715833 0.954167 0.111667 0.091667
2 0.0675 0.920833 0.088333 0.081667
2 0.486667 0.8025 0.083333 0.081667
2 0.4825 0.703333 0.095 0.083333
2 0.135 0.986667 0.106667 0.026667
2 0.0575 0.770833 0.081667 0.085
2 0.208333 0.065 0.083333 0.1
2 0.994167 0.995 0.011667 0.01
