5 0.083333 0.128704 0.165625 0.255556
5 0.070573 0.322222 0.140104 0.111111
5 0.221094 0.072685 0.101562 0.143519
0 0.793229 0.427315 0.271875 0.462037
0 0.954688 0.683333 0.090625 0.172222
4 0.232552 0.275000 0.111979 0.237037
4 0.055990 0.546759 0.110937 0.273148
4 0.148438 0.475000 0.071875 0.187037
4 0.681250 0.209259 0.068750 0.087037
4 0.330729 0.136111 0.072917 0.270370
2 0.249740 0.552315 0.088021 0.234259
2 0.164323 0.655556 0.086979 0.227778
2 0.097917 0.905093 0.105208 0.167593
2 0.044531 0.725000 0.088021 0.157407
2 0.494792 0.517130 0.127083 0.237963
2 0.383594 0.287500 0.109896 0.208333
6 0.477865 0.195370 0.066146 0.133333
3 0.532031 0.331944 0.078646 0.102778
3 0.686198 0.110648 0.093229 0.106481
