0 0.540104 0.373611 0.084375 0.108333
0 0.566667 0.724537 0.196875 0.360185
0 0.095052 0.801852 0.105729 0.174074
0 0.054688 0.291204 0.045833 0.078704
0 0.157031 0.237037 0.097396 0.150000
0 0.033073 0.378241 0.055729 0.095370
0 0.043490 0.485185 0.068229 0.085185
4 0.414583 0.262963 0.121875 0.524074
4 0.354687 0.809259 0.080208 0.235185
4 0.182552 0.656944 0.109896 0.106481
4 0.110937 0.939815 0.220833 0.120370
2 0.252865 0.446759 0.110937 0.089815
2 0.261719 0.903704 0.096354 0.125926
2 0.248958 0.757870 0.097917 0.099074
2 0.367708 0.531481 0.121875 0.205556
2 0.764583 0.900463 0.103125 0.199074
1 0.016927 0.118056 0.032813 0.087963
3 0.672396 0.059722 0.038542 0.089815
