5 0.074479 0.142130 0.147917 0.282407
5 0.216406 0.051389 0.131771 0.100926
5 0.044531 0.334259 0.088021 0.075926
4 0.057031 0.501852 0.113021 0.248148
4 0.134635 0.400000 0.050521 0.179630
4 0.198698 0.309259 0.074479 0.222222
4 0.271354 0.234722 0.065625 0.228704
4 0.363802 0.128241 0.109896 0.254630
6 0.471875 0.167130 0.045833 0.076852
2 0.391146 0.290741 0.110417 0.242593
2 0.263542 0.513889 0.103125 0.288889
2 0.161979 0.595833 0.092708 0.223148
2 0.041927 0.701852 0.082812 0.231481
2 0.082031 0.882870 0.106771 0.169444
2 0.494010 0.518981 0.139063 0.284259
4 0.700781 0.232407 0.067187 0.096296
0 0.812240 0.473611 0.261979 0.506481
0 0.959896 0.733796 0.080208 0.202778
