0 0.182552 0.071759 0.101562 0.141667
0 0.080469 0.118056 0.078646 0.091667
0 0.049740 0.196759 0.068229 0.087963
0 0.054427 0.310648 0.055729 0.082407
0 0.095573 0.624074 0.110937 0.183333
0 0.555990 0.271296 0.080729 0.118519
0 0.573438 0.623611 0.201042 0.358333
2 0.259375 0.783333 0.116667 0.111111
2 0.234375 0.618519 0.089583 0.094444
2 0.261198 0.304630 0.125521 0.112963
2 0.378906 0.407870 0.103646 0.215741
2 0.746875 0.837037 0.110417 0.201852
4 0.342969 0.683796 0.082812 0.273148
4 0.431250 0.210648 0.112500 0.419444
4 0.100260 0.865741 0.199479 0.268519
4 0.173177 0.503241 0.120313 0.139815
3 0.497396 0.835185 0.070833 0.120370
3 0.670052 0.901389 0.061979 0.078704
