6 0.419271 0.217593 0.023958 0.068519
2 0.250260 0.271759 0.081771 0.147222
2 0.285417 0.120370 0.075000 0.107407
2 0.680208 0.766667 0.068750 0.192593
2 0.598958 0.917130 0.123958 0.165741
3 0.456510 0.524074 0.069271 0.164815
3 0.595313 0.730093 0.053125 0.113889
2 0.452604 0.066204 0.109375 0.130556
4 0.366406 0.244907 0.059896 0.308333
4 0.287500 0.780093 0.292708 0.365741
4 0.074740 0.254630 0.148438 0.505556
0 0.601302 0.392593 0.177604 0.427778
0 0.660417 0.070833 0.084375 0.139815
0 0.178125 0.064815 0.113542 0.127778
