4 0.221094 0.871759 0.106771 0.256481
4 0.265625 0.629630 0.101042 0.218519
4 0.286719 0.420833 0.106771 0.186111
4 0.352083 0.168056 0.146875 0.300926
6 0.451042 0.226389 0.027083 0.065741
0 0.704948 0.300000 0.231771 0.403704
4 0.591927 0.193981 0.035937 0.112037
2 0.379688 0.500463 0.116667 0.225000
2 0.350521 0.769907 0.100000 0.237963
2 0.314844 0.887037 0.080729 0.211111
2 0.506771 0.595370 0.123958 0.220370
0 0.903385 0.312500 0.105729 0.215741
3 0.503646 0.414815 0.062500 0.125926
3 0.567969 0.105093 0.059896 0.110185
