6 0.368490 0.393981 0.034896 0.060185
4 0.311719 0.347685 0.078646 0.693519
3 0.665104 0.592130 0.042708 0.104630
3 0.657552 0.314815 0.065104 0.294444
4 0.397917 0.625000 0.088542 0.750000
4 0.155208 0.516204 0.183333 0.369444
4 0.203385 0.155556 0.129688 0.209259
0 0.140625 0.809259 0.105208 0.144444
0 0.533333 0.939352 0.070833 0.112037
0 0.176042 0.029630 0.068750 0.057407
0 0.037240 0.856944 0.048438 0.097222
0 0.022917 0.939352 0.044792 0.097222
4 0.056771 0.210648 0.112500 0.230556
2 0.256510 0.335185 0.144271 0.294444
