3 0.662760 0.139352 0.044271 0.173148
0 0.098698 0.856481 0.127604 0.205556
0 0.150000 0.306944 0.111458 0.128704
0 0.534115 0.435648 0.085938 0.113889
0 0.566146 0.797685 0.186458 0.367593
0 0.038542 0.559259 0.061458 0.075926
0 0.029427 0.452315 0.057813 0.095370
0 0.053385 0.362037 0.048438 0.085185
2 0.259635 0.949074 0.114062 0.101852
2 0.235677 0.822685 0.107813 0.095370
2 0.243490 0.520833 0.118229 0.108333
2 0.366406 0.606944 0.108854 0.187963
6 0.358073 0.361574 0.025521 0.075000
4 0.176042 0.743519 0.117708 0.170370
4 0.413542 0.303704 0.085417 0.605556
4 0.318229 0.135185 0.055208 0.268519
4 0.157552 0.097222 0.214062 0.192593
1 0.019010 0.186111 0.036979 0.094444
4 0.351823 0.879167 0.070312 0.241667
