4 0.398438 0.423611 0.105208 0.845370
4 0.124219 0.223148 0.247396 0.444444
4 0.163542 0.954167 0.057292 0.091667
4 0.308333 0.265278 0.047917 0.528704
0 0.133594 0.535185 0.101562 0.127778
0 0.034375 0.588889 0.040625 0.075926
0 0.020052 0.676389 0.039062 0.087963
0 0.023438 0.788889 0.045833 0.075926
0 0.519792 0.671759 0.079167 0.130556
0 0.548958 0.921759 0.203125 0.156481
3 0.651302 0.343981 0.053646 0.126852
3 0.652083 0.111111 0.057292 0.220370
2 0.235677 0.753241 0.097396 0.123148
2 0.347656 0.836111 0.132812 0.194444
