2 0.227344 0.712963 0.095312 0.118519
2 0.348698 0.820833 0.110937 0.202778
6 0.348177 0.380556 0.024479 0.061111
3 0.652083 0.311574 0.050000 0.147222
3 0.646094 0.100926 0.045312 0.200000
4 0.396875 0.406944 0.103125 0.812037
4 0.132552 0.208333 0.215104 0.414815
4 0.156510 0.948148 0.097396 0.103704
0 0.134115 0.518056 0.113021 0.128704
0 0.026302 0.653704 0.051562 0.079630
0 0.041406 0.576389 0.053646 0.097222
0 0.025781 0.764352 0.047396 0.073148
0 0.542708 0.920370 0.202083 0.159259
0 0.520573 0.657407 0.084896 0.125926
4 0.307031 0.262037 0.061979 0.522222
