4 0.419271 0.249074 0.136458 0.496296
4 0.109635 0.913426 0.218229 0.173148
4 0.354687 0.761574 0.076042 0.249074
0 0.104167 0.751852 0.112500 0.192593
0 0.046615 0.436574 0.061979 0.073148
0 0.037240 0.319444 0.055729 0.092593
0 0.069271 0.240278 0.051042 0.099074
0 0.157031 0.169444 0.101562 0.127778
0 0.549479 0.329630 0.089583 0.105556
0 0.578125 0.685648 0.192708 0.362037
1 0.024740 0.065278 0.048438 0.071296
4 0.328646 0.092130 0.042708 0.178704
4 0.178125 0.595833 0.103125 0.158333
3 0.672917 0.037963 0.039583 0.074074
