4 0.302604 0.285648 0.042708 0.565741
4 0.398958 0.442593 0.095833 0.844444
4 0.123177 0.226389 0.233854 0.432407
0 0.129948 0.550463 0.114062 0.139815
0 0.033594 0.617593 0.041146 0.085185
0 0.016927 0.703704 0.032813 0.090741
0 0.027344 0.809259 0.053646 0.098148
0 0.518490 0.697222 0.095312 0.111111
0 0.559115 0.927778 0.200521 0.144444
2 0.237240 0.778704 0.125521 0.101852
2 0.343490 0.869444 0.124479 0.179630
2 0.244010 0.088426 0.117188 0.175000
3 0.652865 0.363889 0.047396 0.127778
3 0.649740 0.109722 0.063021 0.217593
