0 0.147917 0.319907 0.102083 0.136111
1 0.019010 0.187963 0.036979 0.109259
2 0.361458 0.613889 0.098958 0.168519
3 0.664062 0.139815 0.054167 0.164815
4 0.408073 0.296759 0.116146 0.591667
6 0.357812 0.365278 0.021875 0.054630
4 0.354948 0.882407 0.077604 0.235185
4 0.175260 0.754167 0.095312 0.154630
4 0.163281 0.099537 0.167187 0.197222
4 0.317969 0.147222 0.045312 0.292593
0 0.532552 0.442593 0.088021 0.114815
0 0.566146 0.806019 0.192708 0.347222
0 0.094010 0.870370 0.105729 0.151852
0 0.038281 0.573611 0.058854 0.071296
0 0.028125 0.456481 0.055208 0.090741
0 0.055729 0.379167 0.034375 0.063889
