3 0.655469 0.243519 0.042188 0.142593
3 0.645573 0.060185 0.046354 0.118519
4 0.402344 0.366667 0.116146 0.731481
4 0.164583 0.881944 0.121875 0.162037
4 0.142187 0.162500 0.209375 0.323148
0 0.554688 0.877778 0.185417 0.244444
4 0.522656 0.564815 0.092188 0.120370
4 0.133333 0.423148 0.109375 0.114815
4 0.042448 0.494907 0.048438 0.080556
4 0.022135 0.568519 0.043229 0.094444
4 0.028385 0.681944 0.044271 0.089815
2 0.237500 0.668981 0.122917 0.121296
2 0.230469 0.961111 0.110937 0.077778
2 0.345313 0.752315 0.104167 0.193519
