4 0.433073 0.212500 0.097396 0.423148
4 0.352344 0.716667 0.072396 0.250000
4 0.104948 0.883796 0.208854 0.232407
4 0.180990 0.543519 0.092188 0.140741
0 0.092708 0.677315 0.091667 0.189815
0 0.546354 0.294444 0.089583 0.116667
0 0.177344 0.118056 0.120313 0.130556
0 0.075000 0.166204 0.041667 0.087963
0 0.043750 0.250463 0.069792 0.086111
0 0.053125 0.356481 0.061458 0.075926
0 0.575781 0.652315 0.196354 0.376852
2 0.241406 0.813889 0.096354 0.135185
2 0.239583 0.656481 0.091667 0.109259
2 0.262240 0.333333 0.110937 0.114815
2 0.370312 0.447222 0.103125 0.190741
3 0.675000 0.911574 0.076042 0.082407
2 0.503646 0.863426 0.065625 0.097222
