3 0.658594 0.487500 0.049479 0.143519
3 0.654167 0.218056 0.064583 0.325000
4 0.395052 0.571296 0.085938 0.857407
4 0.163021 0.428241 0.152083 0.323148
4 0.053646 0.151852 0.106250 0.216667
4 0.205469 0.061574 0.096354 0.121296
4 0.316146 0.351389 0.058333 0.652778
2 0.230208 0.889815 0.137500 0.120370
2 0.244792 0.223611 0.123958 0.204630
0 0.138542 0.691667 0.109375 0.129630
0 0.035677 0.745370 0.036979 0.083333
0 0.024219 0.827778 0.047396 0.083333
0 0.030990 0.939815 0.060937 0.087037
0 0.523438 0.832870 0.090625 0.117593
6 0.356250 0.392593 0.021875 0.048148
