4 0.070312 0.632870 0.139583 0.228704
4 0.171354 0.455556 0.051042 0.325926
4 0.250260 0.358796 0.096354 0.206481
4 0.341667 0.191204 0.065625 0.328704
4 0.259375 0.165741 0.079167 0.174074
4 0.671354 0.202778 0.054167 0.085185
5 0.073438 0.255093 0.141667 0.508333
5 0.180208 0.138426 0.060417 0.275000
5 0.231510 0.085648 0.030729 0.169444
2 0.060417 0.820370 0.119792 0.175926
2 0.135677 0.925000 0.140104 0.150000
2 0.191406 0.657407 0.093229 0.266667
2 0.279427 0.553241 0.089063 0.300926
2 0.376563 0.321759 0.103125 0.210185
2 0.477083 0.503704 0.106250 0.196296
0 0.765365 0.408796 0.288021 0.463889
0 0.952865 0.605093 0.094271 0.226852
3 0.520833 0.341204 0.071875 0.115741
3 0.670833 0.102778 0.103125 0.109259
