0 0.709896 0.304630 0.236458 0.412963
2 0.379688 0.487500 0.105208 0.223148
3 0.507031 0.406481 0.050521 0.133333
4 0.594531 0.199074 0.039062 0.131481
6 0.449479 0.225463 0.028125 0.078704
0 0.918750 0.332870 0.075000 0.223148
2 0.309635 0.878704 0.048438 0.168519
2 0.332552 0.743981 0.130729 0.252778
2 0.494010 0.585185 0.123438 0.203704
4 0.204687 0.857870 0.115625 0.236111
4 0.255469 0.632407 0.108854 0.222222
4 0.286198 0.430093 0.118229 0.199074
4 0.329688 0.224074 0.109375 0.242593
3 0.574479 0.106481 0.084375 0.101852
