5 0.072135 0.218056 0.143229 0.434259
5 0.184375 0.113889 0.095833 0.225926
2 0.081250 0.843056 0.097917 0.186111
2 0.198437 0.705093 0.077083 0.228704
2 0.265365 0.610185 0.113021 0.225926
2 0.950260 0.162963 0.097396 0.262963
2 0.374479 0.350463 0.125000 0.210185
2 0.477604 0.506019 0.086458 0.175000
3 0.519531 0.346759 0.065104 0.089815
3 0.663281 0.095833 0.080729 0.113889
6 0.457292 0.186574 0.038542 0.052778
0 0.765885 0.387500 0.258854 0.439815
0 0.949479 0.570833 0.100000 0.189815
4 0.659896 0.208333 0.053125 0.088889
4 0.076042 0.645370 0.151042 0.218519
4 0.173958 0.477315 0.088542 0.226852
4 0.240625 0.354167 0.128125 0.258333
4 0.329948 0.111111 0.107813 0.220370
