2 0.267448 0.809722 0.073438 0.254630
2 0.321354 0.708333 0.094792 0.242593
2 0.370573 0.450926 0.110937 0.216667
2 0.495833 0.554167 0.101042 0.202778
6 0.450000 0.215741 0.026042 0.077778
0 0.733073 0.341204 0.245312 0.389815
0 0.930469 0.421759 0.090104 0.212037
4 0.616406 0.191204 0.046354 0.113889
3 0.508333 0.383333 0.067708 0.122222
3 0.600781 0.083333 0.069271 0.116667
4 0.145313 0.846759 0.146875 0.254630
4 0.206510 0.624074 0.120313 0.196296
4 0.261979 0.425000 0.132292 0.174074
4 0.310417 0.246296 0.119792 0.174074
5 0.070052 0.359259 0.139063 0.716667
5 0.195573 0.167130 0.098437 0.332407
