4 0.451302 0.116204 0.104688 0.230556
4 0.085677 0.597685 0.170313 0.415741
4 0.204167 0.227315 0.146875 0.187963
4 0.344531 0.902778 0.285938 0.194444
4 0.345052 0.462500 0.073438 0.306481
0 0.590625 0.153241 0.091667 0.156481
0 0.577344 0.487500 0.201563 0.387963
0 0.098958 0.031944 0.042708 0.062037
0 0.103906 0.348148 0.132812 0.201852
2 0.241406 0.559722 0.106771 0.126852
2 0.392448 0.221296 0.125521 0.203704
2 0.714323 0.778704 0.147396 0.225926
6 0.395573 0.266204 0.030729 0.080556
2 0.293750 0.085185 0.101042 0.120370
2 0.239583 0.371296 0.096875 0.105556
3 0.480729 0.685648 0.061458 0.106481
3 0.646875 0.809259 0.076042 0.098148
