4 0.412500 0.289352 0.125000 0.576852
6 0.364323 0.342593 0.023438 0.075926
0 0.539323 0.410185 0.084896 0.125926
0 0.572396 0.768981 0.198958 0.358333
0 0.101302 0.832870 0.132812 0.202778
0 0.152865 0.275000 0.107813 0.140741
0 0.055990 0.334259 0.042188 0.074074
0 0.026823 0.424074 0.052604 0.101852
0 0.038542 0.528241 0.063542 0.095370
2 0.239583 0.807870 0.111458 0.099074
2 0.249219 0.952778 0.096354 0.094444
2 0.248177 0.494907 0.108854 0.099074
2 0.366406 0.570370 0.100521 0.203704
2 0.767708 0.917130 0.098958 0.165741
4 0.366927 0.854630 0.104688 0.262963
4 0.180729 0.718519 0.108333 0.183333
4 0.110156 0.962500 0.219271 0.075000
4 0.166146 0.084259 0.185417 0.166667
4 0.318229 0.145370 0.054167 0.288889
1 0.022135 0.155093 0.043229 0.080556
3 0.673438 0.116204 0.052083 0.130556
