0 0.16722222222222222 0.03611111111111111 0.07444444444444444 0.07222222222222222 5
0 0.4488888888888889 0.03333333333333333 0.042222222222222223 0.06666666666666667 12
0 0.5372222222222223 0.03611111111111111 0.058888888888888886 0.07222222222222222 13
0 0.5966666666666667 0.035 0.04666666666666667 0.07 14
0 0.29944444444444446 0.24833333333333332 0.09666666666666666 0.10333333333333333 15
0 0.5077777777777778 0.2872222222222222 0.09111111111111111 0.05 16
0 0.6777777777777778 0.175 0.09333333333333334 0.06555555555555556 17
0 0.9194444444444444 0.15833333333333333 0.10777777777777778 0.09 18
0 0.9022222222222223 0.059444444444444446 0.07333333333333333 0.06111111111111111 20
0 0.6477777777777778 0.3738888888888889 0.06444444444444444 0.06777777777777778 21
0 0.4911111111111111 0.4083333333333333 0.09777777777777778 0.10555555555555556 22
0 0.26555555555555554 0.38555555555555554 0.07111111111111111 0.08666666666666667 23
0 0.3794444444444444 0.4483333333333333 0.058888888888888886 0.11444444444444445 24
0 0.9777777777777777 0.043333333333333335 0.044444444444444446 0.06666666666666667 28
0 0.0811111111111111 0.06888888888888889 0.07111111111111111 0.08666666666666667 32
2 0.3333333333333333 0.20277777777777778 0.09111111111111111 0.07 37
2 0.9355555555555556 0.0033333333333333335 0.06888888888888889 0.006666666666666667 51
0 0.3988888888888889 0.27444444444444444 0.08 0.051111111111111114 111
