0 0.5494444444444444 0.06055555555555556 0.19666666666666666 0.12111111111111111 1
0 0.8272222222222222 0.07333333333333333 0.11666666666666667 0.08 7
0 0.8455555555555555 0.0022222222222222222 0.07777777777777778 0.0044444444444444444 8
0 0.6077777777777778 0.41 0.12666666666666668 0.11333333333333333 9
0 0.8088888888888889 0.375 0.09777777777777778 0.07666666666666666 10
2 0.4988888888888889 0.3883333333333333 0.09111111111111111 0.11222222222222222 38
2 0.5516666666666666 0.5555555555555556 0.1322222222222222 0.1111111111111111 39
2 0.6438888888888888 0.7583333333333333 0.09 0.09222222222222222 40
0 0.7172222222222222 0.6755555555555556 0.10777777777777778 0.06666666666666667 108
0 0.7861111111111111 0.8605555555555555 0.07 0.1322222222222222 109
