0 0.8094444444444444 0.4066666666666667 0.22555555555555556 0.2 71
0 0.7972222222222223 0.8911111111111111 0.17888888888888888 0.20444444444444446 72
0 0.7988888888888889 0.6366666666666667 0.18888888888888888 0.29777777777777775 73
0 0.13333333333333333 0.6122222222222222 0.26666666666666666 0.38222222222222224 74
2 0.33055555555555555 0.4622222222222222 0.08555555555555555 0.07555555555555556 76
2 0.345 0.6083333333333333 0.06777777777777778 0.07 77
2 0.45166666666666666 0.6005555555555555 0.06777777777777778 0.07444444444444444 78
2 0.4211111111111111 0.4305555555555556 0.057777777777777775 0.08555555555555555 79
2 0.4638888888888889 0.7694444444444445 0.07 0.06333333333333334 80
2 0.4672222222222222 0.8616666666666667 0.07222222222222222 0.07222222222222222 81
2 0.4772222222222222 0.9694444444444444 0.07444444444444444 0.06111111111111111 82
2 0.045 0.9472222222222222 0.058888888888888886 0.05444444444444444 103
2 0.3244444444444444 0.8683333333333333 0.05555555555555555 0.05444444444444444 104
2 0.32166666666666666 0.8022222222222222 0.06333333333333334 0.05555555555555555 105
2 0.09 0.9911111111111112 0.07111111111111111 0.017777777777777778 107
2 0.03833333333333333 0.8472222222222222 0.05444444444444444 0.056666666666666664 112
2 0.1388888888888889 0.37666666666666665 0.05555555555555555 0.06666666666666667 113
2 0.6927777777777778 0.9966666666666667 0.06777777777777778 0.006666666666666667 114
