0 0.11555555555555555 0.03333333333333333 0.042222222222222223 0.06666666666666667 12
0 0.2038888888888889 0.03611111111111111 0.058888888888888886 0.07222222222222222 13
0 0.2633333333333333 0.035 0.04666666666666667 0.07 14
0 0.007222222222222222 0.24833333333333332 0.014444444444444444 0.10333333333333333 15
0 0.17444444444444446 0.2872222222222222 0.09111111111111111 0.05 16
0 0.34444444444444444 0.175 0.09333333333333334 0.06555555555555556 17
0 0.5861111111111111 0.15833333333333333 0.10777777777777778 0.09 18
0 0.9016666666666666 0.10388888888888889 0.07666666666666666 0.052222222222222225 19
0 0.5688888888888889 0.059444444444444446 0.07333333333333333 0.06111111111111111 20
0 0.31444444444444447 0.3738888888888889 0.06444444444444444 0.06777777777777778 21
0 0.15777777777777777 0.4083333333333333 0.09777777777777778 0.10555555555555556 22
0 0.04611111111111111 0.4483333333333333 0.058888888888888886 0.11444444444444445 24
0 0.7344444444444445 0.1438888888888889 0.08 0.058888888888888886 26
0 0.8155555555555556 0.1438888888888889 0.07333333333333333 0.07222222222222222 27
0 0.6444444444444445 0.043333333333333335 0.044444444444444446 0.06666666666666667 28
0 0.8627777777777778 0.012777777777777779 0.07666666666666666 0.025555555555555557 29
2 0.02277777777777778 0.20277777777777778 0.04555555555555556 0.07 37
2 0.6022222222222222 0.0033333333333333335 0.06888888888888889 0.006666666666666667 51
0 0.06555555555555556 0.27444444444444444 0.08 0.051111111111111114 111
