0 0.13055555555555556 0.22444444444444445 0.17888888888888888 0.20444444444444446 72
0 0.1322222222222222 0.059444444444444446 0.18888888888888888 0.11888888888888889 73
2 0.028888888888888888 0.43 0.057777777777777775 0.09333333333333334 84
2 0.04666666666666667 0.9744444444444444 0.09333333333333334 0.051111111111111114 85
0 0.2838888888888889 0.9044444444444445 0.09666666666666666 0.06666666666666667 91
1 0.7227777777777777 0.017777777777777778 0.13444444444444445 0.035555555555555556 96
1 0.6766666666666666 0.2872222222222222 0.1511111111111111 0.4677777777777778 97
1 0.8005555555555556 0.7016666666666667 0.17222222222222222 0.35 98
1 0.7577777777777778 0.9444444444444444 0.1288888888888889 0.1111111111111111 99
2 0.11777777777777777 0.4583333333333333 0.06222222222222222 0.07 106
2 0.03 0.3527777777777778 0.06 0.052222222222222225 114
