0 0.225 0.3672222222222222 0.07222222222222222 0.058888888888888886 3
0 0.05611111111111111 0.32222222222222224 0.07222222222222222 0.09777777777777778 4
0 0.5005555555555555 0.35888888888888887 0.07444444444444444 0.09333333333333334 5
0 0.28444444444444444 0.1622222222222222 0.057777777777777775 0.07333333333333333 6
0 0.16055555555555556 0.74 0.11666666666666667 0.08 7
0 0.17888888888888888 0.6177777777777778 0.07777777777777778 0.10666666666666667 8
0 0.68 0.19944444444444445 0.13333333333333333 0.11666666666666667 11
0 0.7822222222222223 0.365 0.042222222222222223 0.07 12
0 0.8705555555555555 0.36666666666666664 0.058888888888888886 0.07777777777777778 13
0 0.93 0.35833333333333334 0.04666666666666667 0.09 14
0 0.6327777777777778 0.5816666666666667 0.09666666666666666 0.10333333333333333 15
0 0.8411111111111111 0.6205555555555555 0.09111111111111111 0.05 16
0 0.9822222222222222 0.5083333333333333 0.035555555555555556 0.06555555555555556 17
0 0.9744444444444444 0.7072222222222222 0.051111111111111114 0.06777777777777778 21
0 0.8244444444444444 0.7416666666666667 0.09777777777777778 0.10555555555555556 22
0 0.5988888888888889 0.7188888888888889 0.07111111111111111 0.08666666666666667 23
0 0.7127777777777777 0.7816666666666666 0.058888888888888886 0.11444444444444445 24
0 0.935 0.13722222222222222 0.07222222222222222 0.08555555555555555 25
0 0.41444444444444445 0.4022222222222222 0.07111111111111111 0.08666666666666667 32
2 0.005 0.245 0.01 0.10333333333333333 33
2 0.685 0.3022222222222222 0.07222222222222222 0.06 34
2 0.6666666666666666 0.5361111111111111 0.09111111111111111 0.07 37
0 0.7322222222222222 0.6077777777777778 0.08 0.051111111111111114 111
