2 0.15888888888888889 0.3705555555555556 0.08222222222222222 0.07 49
2 0.3333333333333333 0.34555555555555556 0.08888888888888889 0.057777777777777775 50
0 0.20222222222222222 0.5605555555555556 0.26 0.18777777777777777 53
0 0.7744444444444445 0.06833333333333333 0.31777777777777777 0.13666666666666666 74
0 0.6972222222222222 0.5527777777777778 0.30333333333333334 0.3433333333333333 75
2 0.7588888888888888 0.405 0.06222222222222222 0.06777777777777778 83
2 0.7116666666666667 0.28055555555555556 0.058888888888888886 0.05444444444444444 103
2 0.9816666666666667 0.20166666666666666 0.03666666666666667 0.05444444444444444 104
2 0.9783333333333334 0.13555555555555557 0.043333333333333335 0.05555555555555555 105
2 0.7566666666666667 0.34 0.07111111111111111 0.04888888888888889 107
2 0.6038888888888889 0.0033333333333333335 0.06333333333333334 0.006666666666666667 110
2 0.705 0.18055555555555555 0.05444444444444444 0.056666666666666664 112
