0 0.4761111111111111 0.08666666666666667 0.22555555555555556 0.17333333333333334 71
0 0.4638888888888889 0.5577777777777778 0.17888888888888888 0.20444444444444446 72
0 0.46555555555555556 0.30333333333333334 0.18888888888888888 0.29777777777777775 73
2 0.02 0.1288888888888889 0.04 0.07555555555555556 76
2 0.02277777777777778 0.275 0.04555555555555556 0.07 77
2 0.11833333333333333 0.26722222222222225 0.06777777777777778 0.07444444444444444 78
2 0.08777777777777777 0.09722222222222222 0.057777777777777775 0.08555555555555555 79
2 0.13055555555555556 0.4361111111111111 0.07 0.06333333333333334 80
2 0.1338888888888889 0.5283333333333333 0.07222222222222222 0.07222222222222222 81
2 0.1438888888888889 0.6483333333333333 0.07444444444444444 0.08555555555555555 82
2 0.3427777777777778 0.7633333333333333 0.09666666666666666 0.09333333333333334 84
1 0.9944444444444445 0.18444444444444444 0.011111111111111112 0.3688888888888889 96
1 0.9672222222222222 0.6205555555555555 0.06555555555555556 0.4677777777777778 97
2 0.009444444444444445 0.535 0.01888888888888889 0.05444444444444444 104
2 0.01 0.4688888888888889 0.02 0.05555555555555555 105
2 0.45111111111111113 0.7916666666666666 0.06222222222222222 0.07 106
2 0.35944444444444446 0.6861111111111111 0.06777777777777778 0.052222222222222225 114
