0 0.21611111111111111 0.29833333333333334 0.19666666666666666 0.31222222222222223 1
0 0.19333333333333333 0.07055555555555555 0.15777777777777777 0.1322222222222222 2
0 0.5583333333333333 0.03388888888888889 0.07222222222222222 0.058888888888888886 3
0 0.3894444444444444 0.01888888888888889 0.07222222222222222 0.03777777777777778 4
0 0.8338888888888889 0.03611111111111111 0.07444444444444444 0.07222222222222222 5
0 0.4938888888888889 0.4066666666666667 0.11666666666666667 0.08 7
0 0.5122222222222222 0.28444444444444444 0.07777777777777778 0.10666666666666667 8
0 0.27444444444444444 0.7433333333333333 0.12666666666666668 0.11333333333333333 9
0 0.47555555555555556 0.7083333333333334 0.09777777777777778 0.07666666666666666 10
0 0.9588888888888889 0.24833333333333332 0.08222222222222222 0.10333333333333333 15
0 0.9322222222222222 0.38555555555555554 0.07111111111111111 0.08666666666666667 23
0 0.7477777777777778 0.06888888888888889 0.07111111111111111 0.08666666666666667 32
2 0.9772222222222222 0.20277777777777778 0.04555555555555556 0.07 37
2 0.16555555555555557 0.7216666666666667 0.09111111111111111 0.11222222222222222 38
2 0.21833333333333332 0.8888888888888888 0.1322222222222222 0.1111111111111111 39
0 0.3838888888888889 0.9877777777777778 0.10777777777777778 0.024444444444444446 108
