2 0.022222222222222223 0.6788888888888889 0.044444444444444446 0.057777777777777775 50
0 0.4411111111111111 0.2788888888888889 0.31777777777777777 0.38222222222222224 74
0 0.3638888888888889 0.8572222222222222 0.30333333333333334 0.28555555555555556 75
2 0.6638888888888889 0.1288888888888889 0.08555555555555555 0.07555555555555556 76
2 0.6783333333333333 0.275 0.06777777777777778 0.07 77
2 0.785 0.26722222222222225 0.06777777777777778 0.07444444444444444 78
2 0.7544444444444445 0.09722222222222222 0.057777777777777775 0.08555555555555555 79
2 0.7972222222222223 0.4361111111111111 0.07 0.06333333333333334 80
2 0.8005555555555556 0.5283333333333333 0.07222222222222222 0.07222222222222222 81
2 0.8105555555555556 0.6483333333333333 0.07444444444444444 0.08555555555555555 82
2 0.4255555555555556 0.7383333333333333 0.06222222222222222 0.06777777777777778 83
2 0.9805555555555555 0.7633333333333333 0.03888888888888889 0.09333333333333334 84
2 0.37833333333333335 0.6138888888888889 0.058888888888888886 0.05444444444444444 103
2 0.6577777777777778 0.535 0.05555555555555555 0.05444444444444444 104
2 0.655 0.4688888888888889 0.06333333333333334 0.05555555555555555 105
2 0.42333333333333334 0.6733333333333333 0.07111111111111111 0.04888888888888889 107
2 0.27055555555555555 0.30277777777777776 0.06333333333333334 0.07444444444444444 110
2 0.37166666666666665 0.5138888888888888 0.05444444444444444 0.056666666666666664 112
2 0.4722222222222222 0.043333333333333335 0.05555555555555555 0.06666666666666667 113
2 0.9961111111111111 0.6861111111111111 0.0077777777777777776 0.052222222222222225 114
