0 0.028888888888888888 0.175 0.057777777777777775 0.06555555555555556 17
0 0.25277777777777777 0.15833333333333333 0.10777777777777778 0.09 18
0 0.5683333333333334 0.10388888888888889 0.07666666666666666 0.052222222222222225 19
0 0.23555555555555555 0.059444444444444446 0.07333333333333333 0.06111111111111111 20
0 0.006666666666666667 0.3738888888888889 0.013333333333333334 0.06777777777777778 21
0 0.4011111111111111 0.1438888888888889 0.08 0.058888888888888886 26
0 0.4822222222222222 0.1438888888888889 0.07333333333333333 0.07222222222222222 27
0 0.3111111111111111 0.043333333333333335 0.044444444444444446 0.06666666666666667 28
0 0.5294444444444445 0.012777777777777779 0.07666666666666666 0.025555555555555557 29
2 0.7272222222222222 0.12111111111111111 0.10333333333333333 0.06222222222222222 36
2 0.2688888888888889 0.0033333333333333335 0.06888888888888889 0.006666666666666667 51
