2 0.2061111111111111 0.024444444444444446 0.15 0.04888888888888889 43
2 0.3988888888888889 0.19777777777777777 0.12 0.10444444444444445 44
2 0.5916666666666667 0.1688888888888889 0.08555555555555555 0.07333333333333333 45
2 0.9705555555555555 0.085 0.058888888888888886 0.07444444444444444 46
2 0.9588888888888889 0.3211111111111111 0.08222222222222222 0.07333333333333333 47
0 0.04111111111111111 0.0038888888888888888 0.08222222222222222 0.0077777777777777776 58
0 0.2311111111111111 0.14166666666666666 0.07777777777777778 0.08333333333333333 59
0 0.18777777777777777 0.2061111111111111 0.06444444444444444 0.08333333333333333 60
0 0.39166666666666666 0.4861111111111111 0.18777777777777777 0.17222222222222222 61
0 0.6272222222222222 0.3638888888888889 0.08777777777777777 0.11 62
0 0.7627777777777778 0.55 0.11888888888888889 0.04888888888888889 63
0 0.7216666666666667 0.04666666666666667 0.09666666666666666 0.06222222222222222 64
0 0.8244444444444444 0.017777777777777778 0.08888888888888889 0.035555555555555556 66
0 0.9788888888888889 0.19444444444444445 0.042222222222222223 0.1111111111111111 68
