0 0.028888888888888888 0.5083333333333333 0.057777777777777775 0.06555555555555556 17
0 0.25277777777777777 0.49166666666666664 0.10777777777777778 0.09 18
0 0.5683333333333334 0.43722222222222223 0.07666666666666666 0.052222222222222225 19
0 0.23555555555555555 0.3927777777777778 0.07333333333333333 0.06111111111111111 20
0 0.006666666666666667 0.7072222222222222 0.013333333333333334 0.06777777777777778 21
0 0.4011111111111111 0.4772222222222222 0.08 0.058888888888888886 26
0 0.4822222222222222 0.4772222222222222 0.07333333333333333 0.07222222222222222 27
0 0.3111111111111111 0.37666666666666665 0.044444444444444446 0.06666666666666667 28
0 0.5294444444444445 0.32166666666666666 0.07666666666666666 0.07444444444444444 29
0 0.08666666666666667 0.17666666666666667 0.05555555555555555 0.08888888888888889 30
0 0.27944444444444444 0.15222222222222223 0.058888888888888886 0.06 31
2 0.5333333333333333 0.25166666666666665 0.09777777777777778 0.07888888888888888 35
2 0.7272222222222222 0.45444444444444443 0.10333333333333333 0.06222222222222222 36
2 0.2688888888888889 0.3111111111111111 0.06888888888888889 0.057777777777777775 51
