0 0.5494444444444444 0.29833333333333334 0.19666666666666666 0.31222222222222223 1
0 0.5266666666666666 0.07055555555555555 0.15777777777777777 0.1322222222222222 2
0 0.8916666666666667 0.03388888888888889 0.07222222222222222 0.058888888888888886 3
0 0.7227777777777777 0.01888888888888889 0.07222222222222222 0.03777777777777778 4
0 0.8272222222222222 0.4066666666666667 0.11666666666666667 0.08 7
0 0.8455555555555555 0.28444444444444444 0.07777777777777778 0.10666666666666667 8
0 0.6077777777777778 0.7433333333333333 0.12666666666666668 0.11333333333333333 9
0 0.8088888888888889 0.7083333333333334 0.09777777777777778 0.07666666666666666 10
2 0.4988888888888889 0.7216666666666667 0.09111111111111111 0.11222222222222222 38
2 0.5516666666666666 0.8888888888888888 0.1322222222222222 0.1111111111111111 39
0 0.7172222222222222 0.9877777777777778 0.10777777777777778 0.024444444444444446 108
