2 0.06555555555555556 0.5311111111111111 0.12 0.10444444444444445 44
2 0.25833333333333336 0.5022222222222222 0.08555555555555555 0.07333333333333333 45
2 0.6477777777777778 0.41833333333333333 0.08 0.07444444444444444 46
2 0.6272222222222222 0.6544444444444445 0.08555555555555555 0.07333333333333333 47
0 0.07611111111111112 0.8194444444444444 0.15222222222222223 0.17222222222222222 61
0 0.29388888888888887 0.6972222222222222 0.08777777777777777 0.11 62
0 0.42944444444444446 0.8833333333333333 0.11888888888888889 0.04888888888888889 63
0 0.3883333333333333 0.38 0.09666666666666666 0.06222222222222222 64
0 0.7461111111111111 0.27166666666666667 0.09666666666666666 0.06111111111111111 65
0 0.4911111111111111 0.3466666666666667 0.08888888888888889 0.044444444444444446 66
0 0.54 0.22111111111111112 0.09111111111111111 0.057777777777777775 67
0 0.67 0.5277777777777778 0.09111111111111111 0.1111111111111111 68
