0 0.225 0.03388888888888889 0.07222222222222222 0.058888888888888886 3
0 0.05611111111111111 0.01888888888888889 0.07222222222222222 0.03777777777777778 4
0 0.5005555555555555 0.03611111111111111 0.07444444444444444 0.07222222222222222 5
0 0.16055555555555556 0.4066666666666667 0.11666666666666667 0.08 7
0 0.17888888888888888 0.28444444444444444 0.07777777777777778 0.10666666666666667 8
0 0.0022222222222222222 0.7433333333333333 0.0044444444444444444 0.11333333333333333 9
0 0.14222222222222222 0.7083333333333334 0.09777777777777778 0.07666666666666666 10
0 0.7822222222222223 0.03333333333333333 0.042222222222222223 0.06666666666666667 12
0 0.8705555555555555 0.03611111111111111 0.058888888888888886 0.07222222222222222 13
0 0.93 0.035 0.04666666666666667 0.07 14
0 0.6327777777777778 0.24833333333333332 0.09666666666666666 0.10333333333333333 15
0 0.8411111111111111 0.2872222222222222 0.09111111111111111 0.05 16
0 0.9822222222222222 0.175 0.035555555555555556 0.06555555555555556 17
0 0.9744444444444444 0.3738888888888889 0.051111111111111114 0.06777777777777778 21
0 0.8244444444444444 0.4083333333333333 0.09777777777777778 0.10555555555555556 22
0 0.5988888888888889 0.38555555555555554 0.07111111111111111 0.08666666666666667 23
0 0.7127777777777777 0.4483333333333333 0.058888888888888886 0.11444444444444445 24
0 0.41444444444444445 0.06888888888888889 0.07111111111111111 0.08666666666666667 32
2 0.6666666666666666 0.20277777777777778 0.09111111111111111 0.07 37
0 0.052222222222222225 0.9877777777777778 0.10444444444444445 0.024444444444444446 108
0 0.7322222222222222 0.27444444444444444 0.08 0.051111111111111114 111
