0 0.04 0.19944444444444445 0.08 0.11666666666666667 11
0 0.11555555555555555 0.365 0.042222222222222223 0.07 12
0 0.2038888888888889 0.36666666666666664 0.058888888888888886 0.07777777777777778 13
0 0.2633333333333333 0.35833333333333334 0.04666666666666667 0.09 14
0 0.007222222222222222 0.5816666666666667 0.014444444444444444 0.10333333333333333 15
0 0.17444444444444446 0.6205555555555555 0.09111111111111111 0.05 16
0 0.34444444444444444 0.5083333333333333 0.09333333333333334 0.06555555555555556 17
0 0.5861111111111111 0.49166666666666664 0.10777777777777778 0.09 18
0 0.9016666666666666 0.43722222222222223 0.07666666666666666 0.052222222222222225 19
0 0.5688888888888889 0.3927777777777778 0.07333333333333333 0.06111111111111111 20
0 0.31444444444444447 0.7072222222222222 0.06444444444444444 0.06777777777777778 21
0 0.15777777777777777 0.7416666666666667 0.09777777777777778 0.10555555555555556 22
0 0.04611111111111111 0.7816666666666666 0.058888888888888886 0.11444444444444445 24
0 0.2683333333333333 0.13722222222222222 0.07222222222222222 0.08555555555555555 25
0 0.7344444444444445 0.4772222222222222 0.08 0.058888888888888886 26
0 0.8155555555555556 0.4772222222222222 0.07333333333333333 0.07222222222222222 27
0 0.6444444444444445 0.37666666666666665 0.044444444444444446 0.06666666666666667 28
0 0.8627777777777778 0.32166666666666666 0.07666666666666666 0.07444444444444444 29
0 0.42 0.17666666666666667 0.05555555555555555 0.08888888888888889 30
0 0.6127777777777778 0.15222222222222223 0.058888888888888886 0.06 31
2 0.02722222222222222 0.3022222222222222 0.05444444444444444 0.06 34
2 0.8666666666666667 0.25166666666666665 0.09777777777777778 0.07888888888888888 35
2 0.02277777777777778 0.5361111111111111 0.04555555555555556 0.07 37
2 0.6022222222222222 0.3111111111111111 0.06888888888888889 0.057777777777777775 51
0 0.06555555555555556 0.6077777777777778 0.08 0.051111111111111114 111
