0 0.21611111111111111 0.06055555555555556 0.19666666666666666 0.12111111111111111 1
0 0.4938888888888889 0.07333333333333333 0.11666666666666667 0.08 7
0 0.5122222222222222 0.0022222222222222222 0.07777777777777778 0.0044444444444444444 8
0 0.27444444444444444 0.41 0.12666666666666668 0.11333333333333333 9
0 0.47555555555555556 0.375 0.09777777777777778 0.07666666666666666 10
0 0.9322222222222222 0.052222222222222225 0.07111111111111111 0.08666666666666667 23
2 0.16555555555555557 0.3883333333333333 0.09111111111111111 0.11222222222222222 38
2 0.21833333333333332 0.5555555555555556 0.1322222222222222 0.1111111111111111 39
2 0.31055555555555553 0.7583333333333333 0.09 0.09222222222222222 40
0 0.3838888888888889 0.6755555555555556 0.10777777777777778 0.06666666666666667 108
0 0.4527777777777778 0.8605555555555555 0.07 0.1322222222222222 109
