2 0.3333333333333333 0.9916666666666667 0.08888888888888889 0.016666666666666666 50
0 0.7744444444444445 0.6122222222222222 0.31777777777777777 0.38222222222222224 74
2 0.9772222222222222 0.4622222222222222 0.04555555555555556 0.07555555555555556 76
2 0.9888888888888889 0.6083333333333333 0.022222222222222223 0.07 77
2 0.7116666666666667 0.9472222222222222 0.058888888888888886 0.05444444444444444 103
2 0.9816666666666667 0.8683333333333333 0.03666666666666667 0.05444444444444444 104
2 0.9783333333333334 0.8022222222222222 0.043333333333333335 0.05555555555555555 105
2 0.7566666666666667 0.9911111111111112 0.07111111111111111 0.017777777777777778 107
2 0.6038888888888889 0.6361111111111111 0.06333333333333334 0.07444444444444444 110
2 0.705 0.8472222222222222 0.05444444444444444 0.056666666666666664 112
2 0.8055555555555556 0.37666666666666665 0.05555555555555555 0.06666666666666667 113
