2 0.022222222222222223 0.34555555555555556 0.044444444444444446 0.057777777777777775 50
0 0.4411111111111111 0.06833333333333333 0.31777777777777777 0.13666666666666666 74
0 0.3638888888888889 0.5527777777777778 0.30333333333333334 0.3433333333333333 75
2 0.7972222222222223 0.10277777777777777 0.07 0.06333333333333334 80
2 0.8005555555555556 0.195 0.07222222222222222 0.07222222222222222 81
2 0.8105555555555556 0.315 0.07444444444444444 0.08555555555555555 82
2 0.4255555555555556 0.405 0.06222222222222222 0.06777777777777778 83
2 0.9805555555555555 0.43 0.03888888888888889 0.09333333333333334 84
2 0.9872222222222222 0.9744444444444444 0.025555555555555557 0.051111111111111114 85
2 0.37833333333333335 0.28055555555555556 0.058888888888888886 0.05444444444444444 103
2 0.6577777777777778 0.20166666666666666 0.05555555555555555 0.05444444444444444 104
2 0.655 0.13555555555555557 0.06333333333333334 0.05555555555555555 105
2 0.42333333333333334 0.34 0.07111111111111111 0.04888888888888889 107
2 0.27055555555555555 0.0033333333333333335 0.06333333333333334 0.006666666666666667 110
2 0.37166666666666665 0.18055555555555555 0.05444444444444444 0.056666666666666664 112
2 0.9961111111111111 0.3527777777777778 0.0077777777777777776 0.052222222222222225 114
