0 0.16055555555555556 0.07333333333333333 0.11666666666666667 0.08 7
0 0.17888888888888888 0.0022222222222222222 0.07777777777777778 0.0044444444444444444 8
0 0.0022222222222222222 0.41 0.0044444444444444444 0.11333333333333333 9
0 0.14222222222222222 0.375 0.09777777777777778 0.07666666666666666 10
0 0.9744444444444444 0.04055555555555555 0.051111111111111114 0.06777777777777778 21
0 0.8244444444444444 0.075 0.09777777777777778 0.10555555555555556 22
0 0.5988888888888889 0.052222222222222225 0.07111111111111111 0.08666666666666667 23
0 0.7127777777777777 0.115 0.058888888888888886 0.11444444444444445 24
2 0.011111111111111112 0.7583333333333333 0.022222222222222223 0.09222222222222222 40
0 0.052222222222222225 0.6755555555555556 0.10444444444444445 0.06666666666666667 108
0 0.11944444444444445 0.8605555555555555 0.07 0.1322222222222222 109
