2 0.022222222222222223 0.9916666666666667 0.044444444444444446 0.016666666666666666 50
0 0.4411111111111111 0.6122222222222222 0.31777777777777777 0.38222222222222224 74
2 0.6638888888888889 0.4622222222222222 0.08555555555555555 0.07555555555555556 76
2 0.6783333333333333 0.6083333333333333 0.06777777777777778 0.07 77
2 0.785 0.6005555555555555 0.06777777777777778 0.07444444444444444 78
2 0.7544444444444445 0.4305555555555556 0.057777777777777775 0.08555555555555555 79
2 0.7972222222222223 0.7694444444444445 0.07 0.06333333333333334 80
2 0.8005555555555556 0.8616666666666667 0.07222222222222222 0.07222222222222222 81
2 0.8105555555555556 0.9694444444444444 0.07444444444444444 0.06111111111111111 82
2 0.37833333333333335 0.9472222222222222 0.058888888888888886 0.05444444444444444 103
2 0.6577777777777778 0.8683333333333333 0.05555555555555555 0.05444444444444444 104
2 0.655 0.8022222222222222 0.06333333333333334 0.05555555555555555 105
2 0.42333333333333334 0.9911111111111112 0.07111111111111111 0.017777777777777778 107
2 0.27055555555555555 0.6361111111111111 0.06333333333333334 0.07444444444444444 110
2 0.37166666666666665 0.8472222222222222 0.05444444444444444 0.056666666666666664 112
2 0.4722222222222222 0.37666666666666665 0.05555555555555555 0.06666666666666667 113
2 0.9961111111111111 0.9966666666666667 0.0077777777777777776 0.006666666666666667 114
