0 0.21611111111111111 0.6316666666666667 0.19666666666666666 0.31222222222222223 1
0 0.19333333333333333 0.4038888888888889 0.15777777777777777 0.1322222222222222 2
0 0.5583333333333333 0.3672222222222222 0.07222222222222222 0.058888888888888886 3
0 0.3894444444444444 0.32222222222222224 0.07222222222222222 0.09777777777777778 4
0 0.8338888888888889 0.35888888888888887 0.07444444444444444 0.09333333333333334 5
0 0.6177777777777778 0.1622222222222222 0.057777777777777775 0.07333333333333333 6
0 0.4938888888888889 0.74 0.11666666666666667 0.08 7
0 0.5122222222222222 0.6177777777777778 0.07777777777777778 0.10666666666666667 8
0 0.9733333333333334 0.19944444444444445 0.05333333333333334 0.11666666666666667 11
0 0.9588888888888889 0.5816666666666667 0.08222222222222222 0.10333333333333333 15
0 0.9322222222222222 0.7188888888888889 0.07111111111111111 0.08666666666666667 23
0 0.7477777777777778 0.4022222222222222 0.07111111111111111 0.08666666666666667 32
2 0.28055555555555556 0.245 0.12555555555555556 0.10333333333333333 33
2 0.9911111111111112 0.3022222222222222 0.017777777777777778 0.06 34
2 0.9772222222222222 0.5361111111111111 0.04555555555555556 0.07 37
2 0.16555555555555557 0.9994444444444445 0.09111111111111111 0.0011111111111111111 38
