2 0.15888888888888889 0.7038888888888889 0.08222222222222222 0.07 49
2 0.3333333333333333 0.6788888888888889 0.08888888888888889 0.057777777777777775 50
0 0.20222222222222222 0.8938888888888888 0.26 0.18777777777777777 53
0 0.7744444444444445 0.2788888888888889 0.31777777777777777 0.38222222222222224 74
0 0.6972222222222222 0.8572222222222222 0.30333333333333334 0.28555555555555556 75
2 0.9772222222222222 0.1288888888888889 0.04555555555555556 0.07555555555555556 76
2 0.9888888888888889 0.275 0.022222222222222223 0.07 77
2 0.7588888888888888 0.7383333333333333 0.06222222222222222 0.06777777777777778 83
2 0.7116666666666667 0.6138888888888889 0.058888888888888886 0.05444444444444444 103
2 0.9816666666666667 0.535 0.03666666666666667 0.05444444444444444 104
2 0.9783333333333334 0.4688888888888889 0.043333333333333335 0.05555555555555555 105
2 0.7566666666666667 0.6733333333333333 0.07111111111111111 0.04888888888888889 107
2 0.6038888888888889 0.30277777777777776 0.06333333333333334 0.07444444444444444 110
2 0.705 0.5138888888888888 0.05444444444444444 0.056666666666666664 112
2 0.8055555555555556 0.043333333333333335 0.05555555555555555 0.06666666666666667 113
