0 0.7972222222222223 0.22444444444444445 0.17888888888888888 0.20444444444444446 72
0 0.7988888888888889 0.059444444444444446 0.18888888888888888 0.11888888888888889 73
0 0.13333333333333333 0.06833333333333333 0.26666666666666666 0.13666666666666666 74
0 0.09111111111111111 0.5527777777777778 0.18222222222222223 0.3433333333333333 75
2 0.4638888888888889 0.10277777777777777 0.07 0.06333333333333334 80
2 0.4672222222222222 0.195 0.07222222222222222 0.07222222222222222 81
2 0.4772222222222222 0.315 0.07444444444444444 0.08555555555555555 82
2 0.09222222222222222 0.405 0.06222222222222222 0.06777777777777778 83
2 0.6761111111111111 0.43 0.09666666666666666 0.09333333333333334 84
2 0.7005555555555556 0.9744444444444444 0.11888888888888889 0.051111111111111114 85
0 0.9505555555555556 0.9044444444444445 0.09666666666666666 0.06666666666666667 91
2 0.045 0.28055555555555556 0.058888888888888886 0.05444444444444444 103
2 0.3244444444444444 0.20166666666666666 0.05555555555555555 0.05444444444444444 104
2 0.32166666666666666 0.13555555555555557 0.06333333333333334 0.05555555555555555 105
2 0.7844444444444445 0.4583333333333333 0.06222222222222222 0.07 106
2 0.09 0.34 0.07111111111111111 0.04888888888888889 107
2 0.03833333333333333 0.18055555555555555 0.05444444444444444 0.056666666666666664 112
2 0.6927777777777778 0.3527777777777778 0.06777777777777778 0.052222222222222225 114
