0 0.4638888888888889 0.22444444444444445 0.17888888888888888 0.20444444444444446 72
0 0.46555555555555556 0.059444444444444446 0.18888888888888888 0.11888888888888889 73
2 0.13055555555555556 0.10277777777777777 0.07 0.06333333333333334 80
2 0.1338888888888889 0.195 0.07222222222222222 0.07222222222222222 81
2 0.1438888888888889 0.315 0.07444444444444444 0.08555555555555555 82
2 0.3427777777777778 0.43 0.09666666666666666 0.09333333333333334 84
2 0.3672222222222222 0.9744444444444444 0.11888888888888889 0.051111111111111114 85
0 0.6172222222222222 0.9044444444444445 0.09666666666666666 0.06666666666666667 91
1 0.9944444444444445 0.017777777777777778 0.011111111111111112 0.035555555555555556 96
1 0.9672222222222222 0.2872222222222222 0.06555555555555556 0.4677777777777778 97
2 0.009444444444444445 0.20166666666666666 0.01888888888888889 0.05444444444444444 104
2 0.01 0.13555555555555557 0.02 0.05555555555555555 105
2 0.45111111111111113 0.4583333333333333 0.06222222222222222 0.07 106
2 0.35944444444444446 0.3527777777777778 0.06777777777777778 0.052222222222222225 114
