0 0.8094444444444444 0.08666666666666667 0.22555555555555556 0.17333333333333334 71
0 0.7972222222222223 0.5577777777777778 0.17888888888888888 0.20444444444444446 72
0 0.7988888888888889 0.30333333333333334 0.18888888888888888 0.29777777777777775 73
0 0.13333333333333333 0.2788888888888889 0.26666666666666666 0.38222222222222224 74
0 0.09111111111111111 0.8572222222222222 0.18222222222222223 0.28555555555555556 75
2 0.33055555555555555 0.1288888888888889 0.08555555555555555 0.07555555555555556 76
2 0.345 0.275 0.06777777777777778 0.07 77
2 0.45166666666666666 0.26722222222222225 0.06777777777777778 0.07444444444444444 78
2 0.4211111111111111 0.09722222222222222 0.057777777777777775 0.08555555555555555 79
2 0.4638888888888889 0.4361111111111111 0.07 0.06333333333333334 80
2 0.4672222222222222 0.5283333333333333 0.07222222222222222 0.07222222222222222 81
2 0.4772222222222222 0.6483333333333333 0.07444444444444444 0.08555555555555555 82
2 0.09222222222222222 0.7383333333333333 0.06222222222222222 0.06777777777777778 83
2 0.6761111111111111 0.7633333333333333 0.09666666666666666 0.09333333333333334 84
2 0.045 0.6138888888888889 0.058888888888888886 0.05444444444444444 103
2 0.3244444444444444 0.535 0.05555555555555555 0.05444444444444444 104
2 0.32166666666666666 0.4688888888888889 0.06333333333333334 0.05555555555555555 105
2 0.7844444444444445 0.7916666666666666 0.06222222222222222 0.07 106
2 0.09 0.6733333333333333 0.07111111111111111 0.04888888888888889 107
2 0.03833333333333333 0.5138888888888888 0.05444444444444444 0.056666666666666664 112
2 0.1388888888888889 0.043333333333333335 0.05555555555555555 0.06666666666666667 113
2 0.6927777777777778 0.6861111111111111 0.06777777777777778 0.052222222222222225 114
