0 0.4761111111111111 0.4066666666666667 0.22555555555555556 0.2 71
0 0.4638888888888889 0.8911111111111111 0.17888888888888888 0.20444444444444446 72
0 0.46555555555555556 0.6366666666666667 0.18888888888888888 0.29777777777777775 73
2 0.02 0.4622222222222222 0.04 0.07555555555555556 76
2 0.02277777777777778 0.6083333333333333 0.04555555555555556 0.07 77
2 0.11833333333333333 0.6005555555555555 0.06777777777777778 0.07444444444444444 78
2 0.08777777777777777 0.4305555555555556 0.057777777777777775 0.08555555555555555 79
2 0.13055555555555556 0.7694444444444445 0.07 0.06333333333333334 80
2 0.1338888888888889 0.8616666666666667 0.07222222222222222 0.07222222222222222 81
2 0.1438888888888889 0.9694444444444444 0.07444444444444444 0.06111111111111111 82
1 0.9944444444444445 0.43277777777777776 0.011111111111111112 0.5388888888888889 96
1 0.9672222222222222 0.86 0.06555555555555556 0.28 97
2 0.009444444444444445 0.8683333333333333 0.01888888888888889 0.05444444444444444 104
2 0.01 0.8022222222222222 0.02 0.05555555555555555 105
2 0.35944444444444446 0.9966666666666667 0.06777777777777778 0.006666666666666667 114
