2 0.2061111111111111 0.66 0.15 0.1111111111111111 43
2 0.3988888888888889 0.8644444444444445 0.12 0.10444444444444445 44
2 0.5916666666666667 0.8355555555555556 0.08555555555555555 0.07333333333333333 45
2 0.9705555555555555 0.7516666666666667 0.058888888888888886 0.07444444444444444 46
2 0.9588888888888889 0.9755555555555555 0.08222222222222222 0.04888888888888889 47
0 0.04111111111111111 0.6255555555555555 0.08222222222222222 0.09777777777777778 58
0 0.2311111111111111 0.8083333333333333 0.07777777777777778 0.08333333333333333 59
0 0.18777777777777777 0.8727777777777778 0.06444444444444444 0.08333333333333333 60
0 0.6272222222222222 0.9877777777777778 0.08777777777777777 0.024444444444444446 62
0 0.7216666666666667 0.7133333333333334 0.09666666666666666 0.06222222222222222 64
0 0.8244444444444444 0.68 0.08888888888888889 0.044444444444444446 66
0 0.8733333333333333 0.5544444444444444 0.09111111111111111 0.057777777777777775 67
0 0.9788888888888889 0.8611111111111112 0.042222222222222223 0.1111111111111111 68
