0 0.16722222222222222 0.35888888888888887 0.07444444444444444 0.09333333333333334 5
0 0.3466666666666667 0.19944444444444445 0.13333333333333333 0.11666666666666667 11
0 0.4488888888888889 0.365 0.042222222222222223 0.07 12
0 0.5372222222222223 0.36666666666666664 0.058888888888888886 0.07777777777777778 13
0 0.5966666666666667 0.35833333333333334 0.04666666666666667 0.09 14
0 0.29944444444444446 0.5816666666666667 0.09666666666666666 0.10333333333333333 15
0 0.5077777777777778 0.6205555555555555 0.09111111111111111 0.05 16
0 0.6777777777777778 0.5083333333333333 0.09333333333333334 0.06555555555555556 17
0 0.9194444444444444 0.49166666666666664 0.10777777777777778 0.09 18
0 0.9022222222222223 0.3927777777777778 0.07333333333333333 0.06111111111111111 20
0 0.6477777777777778 0.7072222222222222 0.06444444444444444 0.06777777777777778 21
0 0.4911111111111111 0.7416666666666667 0.09777777777777778 0.10555555555555556 22
0 0.26555555555555554 0.7188888888888889 0.07111111111111111 0.08666666666666667 23
0 0.3794444444444444 0.7816666666666666 0.058888888888888886 0.11444444444444445 24
0 0.6016666666666667 0.13722222222222222 0.07222222222222222 0.08555555555555555 25
0 0.9777777777777777 0.37666666666666665 0.044444444444444446 0.06666666666666667 28
0 0.7533333333333333 0.17666666666666667 0.05555555555555555 0.08888888888888889 30
0 0.9461111111111111 0.15222222222222223 0.058888888888888886 0.06 31
0 0.0811111111111111 0.4022222222222222 0.07111111111111111 0.08666666666666667 32
2 0.3516666666666667 0.3022222222222222 0.07222222222222222 0.06 34
2 0.3333333333333333 0.5361111111111111 0.09111111111111111 0.07 37
2 0.9355555555555556 0.3111111111111111 0.06888888888888889 0.057777777777777775 51
0 0.3988888888888889 0.6077777777777778 0.08 0.051111111111111114 111
