2 0.2061111111111111 0.32666666666666666 0.15 0.1111111111111111 43
2 0.3988888888888889 0.5311111111111111 0.12 0.10444444444444445 44
2 0.5916666666666667 0.5022222222222222 0.08555555555555555 0.07333333333333333 45
2 0.9705555555555555 0.41833333333333333 0.058888888888888886 0.07444444444444444 46
2 0.9588888888888889 0.6544444444444445 0.08222222222222222 0.07333333333333333 47
0 0.04111111111111111 0.2922222222222222 0.08222222222222222 0.09777777777777778 58
0 0.2311111111111111 0.475 0.07777777777777778 0.08333333333333333 59
0 0.18777777777777777 0.5394444444444444 0.06444444444444444 0.08333333333333333 60
0 0.39166666666666666 0.8194444444444444 0.18777777777777777 0.17222222222222222 61
0 0.6272222222222222 0.6972222222222222 0.08777777777777777 0.11 62
0 0.7627777777777778 0.8833333333333333 0.11888888888888889 0.04888888888888889 63
0 0.7216666666666667 0.38 0.09666666666666666 0.06222222222222222 64
0 0.8244444444444444 0.3466666666666667 0.08888888888888889 0.044444444444444446 66
0 0.8733333333333333 0.22111111111111112 0.09111111111111111 0.057777777777777775 67
0 0.9788888888888889 0.5277777777777778 0.042222222222222223 0.1111111111111111 68
