0 0.051875 0.710625 0.10375 0.35125 1
0 0.028125 0.454375 0.05625 0.14875 2
0 0.378125 0.413125 0.08125 0.06625 3
0 0.188125 0.3625 0.08125 0.11 4
0 0.688125 0.40375 0.08375 0.105 5
0 0.445 0.1825 0.065 0.0825 6
0 0.305625 0.8325 0.13125 0.09 7
0 0.32625 0.695 0.0875 0.12 8
0 0.89 0.224375 0.15 0.13125 11
0 0.990625 0.410625 0.01875 0.07875 12
0 0.836875 0.654375 0.10875 0.11625 15
0 0.99875 0.834375 0.0025 0.11875 22
0 0.79875 0.80875 0.08 0.0975 23
0 0.926875 0.879375 0.06625 0.12875 24
0 0.59125 0.4525 0.08 0.0975 32
2 0.068125 0.275625 0.13625 0.11625 33
2 0.895625 0.34 0.08125 0.0675 34
2 0.875 0.603125 0.1025 0.07875 37
0 0.94875 0.68375 0.09 0.0575 111
