0 0.619375 0.24875 0.25375 0.225 71
0 0.605625 0.79375 0.20125 0.23 72
0 0.6075 0.5075 0.2125 0.335 73
0 0.004375 0.48 0.00875 0.43 74
2 0.080625 0.31125 0.09625 0.085 76
2 0.096875 0.475625 0.07625 0.07875 77
2 0.216875 0.466875 0.07625 0.08375 78
2 0.1825 0.275625 0.065 0.09625 79
2 0.230625 0.656875 0.07875 0.07125 80
2 0.234375 0.760625 0.08125 0.08125 81
2 0.245625 0.895625 0.08375 0.09625 82
2 0.469375 0.98625 0.10875 0.0275 84
2 0.07375 0.768125 0.0625 0.06125 104
2 0.070625 0.69375 0.07125 0.0625 105
2 0.488125 0.938125 0.07625 0.05875 114
