2 0.025 0.5975 0.05 0.065 50
0 0.49625 0.18125 0.3575 0.3625 74
0 0.409375 0.81875 0.34125 0.3625 75
2 0.746875 0.010625 0.09625 0.02125 76
2 0.763125 0.143125 0.07625 0.07875 77
2 0.883125 0.134375 0.07625 0.08375 78
2 0.896875 0.324375 0.07875 0.07125 80
2 0.900625 0.428125 0.08125 0.08125 81
2 0.911875 0.563125 0.08375 0.09625 82
2 0.47875 0.664375 0.07 0.07625 83
2 0.425625 0.524375 0.06625 0.06125 103
2 0.74 0.435625 0.0625 0.06125 104
2 0.736875 0.36125 0.07125 0.0625 105
2 0.47625 0.59125 0.08 0.055 107
2 0.304375 0.174375 0.07125 0.08375 110
2 0.418125 0.411875 0.06125 0.06375 112
