0 0.619375 0.014375 0.25375 0.02875 71
0 0.605625 0.46125 0.20125 0.23 72
0 0.6075 0.175 0.2125 0.335 73
0 0.004375 0.18125 0.00875 0.3625 74
2 0.080625 0.010625 0.09625 0.02125 76
2 0.096875 0.143125 0.07625 0.07875 77
2 0.216875 0.134375 0.07625 0.08375 78
2 0.230625 0.324375 0.07875 0.07125 80
2 0.234375 0.428125 0.08125 0.08125 81
2 0.245625 0.563125 0.08375 0.09625 82
2 0.469375 0.6925 0.10875 0.105 84
2 0.07375 0.435625 0.0625 0.06125 104
2 0.070625 0.36125 0.07125 0.0625 105
2 0.59125 0.724375 0.07 0.07875 106
2 0.488125 0.605625 0.07625 0.05875 114
