0 0.031875 0.07 0.06375 0.105 5
0 0.33875 0.076875 0.0475 0.07875 12
0 0.438125 0.07875 0.06625 0.0875 13
0 0.505 0.069375 0.0525 0.10125 14
0 0.170625 0.320625 0.10875 0.11625 15
0 0.405 0.364375 0.1025 0.05625 16
0 0.59625 0.238125 0.105 0.07375 17
0 0.868125 0.219375 0.12125 0.10125 18
0 0.84875 0.108125 0.0825 0.06875 20
0 0.5625 0.461875 0.0725 0.07625 21
0 0.38625 0.500625 0.11 0.11875 22
0 0.1325 0.475 0.08 0.0975 23
0 0.260625 0.545625 0.06625 0.12875 24
0 0.995 0.203125 0.01 0.06625 26
0 0.93375 0.09 0.05 0.075 28
2 0.229375 0.02 0.08125 0.04 34
2 0.20875 0.269375 0.1025 0.07875 37
2 0.88625 0.024375 0.0775 0.04875 51
0 0.2825 0.35 0.09 0.0575 111
