0 0.014375 0.076875 0.02875 0.07875 12
0 0.104375 0.07875 0.06625 0.0875 13
0 0.17125 0.069375 0.0525 0.10125 14
0 0.07125 0.364375 0.1025 0.05625 16
0 0.2625 0.238125 0.105 0.07375 17
0 0.534375 0.219375 0.12125 0.10125 18
0 0.889375 0.158125 0.08625 0.05875 19
0 0.515 0.108125 0.0825 0.06875 20
0 0.22875 0.461875 0.0725 0.07625 21
0 0.05375 0.500625 0.1075 0.11875 22
0 0.70125 0.203125 0.09 0.06625 26
0 0.7925 0.203125 0.0825 0.08125 27
0 0.6 0.09 0.05 0.075 28
0 0.845625 0.035 0.08625 0.07 29
2 0.5525 0.024375 0.0775 0.04875 51
