0 0.051875 0.376875 0.10375 0.35125 1
0 0.028125 0.120625 0.05625 0.14875 2
0 0.378125 0.079375 0.08125 0.06625 3
0 0.188125 0.041875 0.08125 0.08375 4
0 0.688125 0.07 0.08375 0.105 5
0 0.305625 0.49875 0.13125 0.09 7
0 0.32625 0.36125 0.0875 0.12 8
0 0.065 0.8775 0.13 0.1275 9
0 0.285 0.838125 0.11 0.08625 10
0 0.990625 0.076875 0.01875 0.07875 12
0 0.836875 0.320625 0.10875 0.11625 15
0 0.99875 0.500625 0.0025 0.11875 22
0 0.79875 0.475 0.08 0.0975 23
0 0.926875 0.545625 0.06625 0.12875 24
0 0.59125 0.11875 0.08 0.0975 32
2 0.068125 0.0 0.13625 0.0 33
2 0.895625 0.02 0.08125 0.04 34
2 0.875 0.269375 0.1025 0.07875 37
2 0.035 0.989375 0.07 0.02125 39
0 0.94875 0.35 0.09 0.0575 111
