0 0.044375 0.079375 0.08125 0.06625 3
0 0.354375 0.07 0.08375 0.105 5
0 0.01875 0.49875 0.0375 0.09 7
0 0.018125 0.36125 0.03625 0.12 8
0 0.003125 0.838125 0.00625 0.08625 10
0 0.67125 0.076875 0.0475 0.07875 12
0 0.770625 0.07875 0.06625 0.0875 13
0 0.8375 0.069375 0.0525 0.10125 14
0 0.503125 0.320625 0.10875 0.11625 15
0 0.7375 0.364375 0.1025 0.05625 16
0 0.92875 0.238125 0.105 0.07375 17
0 0.895 0.461875 0.0725 0.07625 21
0 0.71875 0.500625 0.11 0.11875 22
0 0.465 0.475 0.08 0.0975 23
0 0.593125 0.545625 0.06625 0.12875 24
0 0.2575 0.11875 0.08 0.0975 32
2 0.561875 0.02 0.08125 0.04 34
2 0.54125 0.269375 0.1025 0.07875 37
0 0.615 0.35 0.09 0.0575 111
