0 0.014375 0.410625 0.02875 0.07875 12
0 0.104375 0.4125 0.06625 0.0875 13
0 0.17125 0.403125 0.0525 0.10125 14
0 0.07125 0.698125 0.1025 0.05625 16
0 0.2625 0.571875 0.105 0.07375 17
0 0.534375 0.553125 0.12125 0.10125 18
0 0.889375 0.491875 0.08625 0.05875 19
0 0.515 0.441875 0.0825 0.06875 20
0 0.22875 0.795625 0.0725 0.07625 21
0 0.05375 0.834375 0.1075 0.11875 22
0 0.176875 0.154375 0.08125 0.09625 25
0 0.70125 0.536875 0.09 0.06625 26
0 0.7925 0.536875 0.0825 0.08125 27
0 0.6 0.42375 0.05 0.075 28
0 0.845625 0.361875 0.08625 0.08375 29
0 0.3475 0.19875 0.0625 0.1 30
0 0.564375 0.17125 0.06625 0.0675 31
2 0.85 0.283125 0.11 0.08875 35
2 0.5525 0.35 0.0775 0.065 51
