0 0.91875 0.1275 0.1625 0.23 72
0 0.916875 0.004375 0.16625 0.00875 73
0 0.170625 0.014375 0.34125 0.02875 74
0 0.123125 0.496875 0.24625 0.38625 75
2 0.563125 0.013125 0.07875 0.02625 80
2 0.566875 0.094375 0.08125 0.08125 81
2 0.578125 0.229375 0.08375 0.09625 82
2 0.145 0.330625 0.07 0.07625 83
2 0.801875 0.35875 0.10875 0.105 84
2 0.829375 0.97125 0.13375 0.0575 85
2 0.091875 0.190625 0.06625 0.06125 103
2 0.40625 0.101875 0.0625 0.06125 104
2 0.403125 0.029375 0.07125 0.05875 105
2 0.92375 0.390625 0.07 0.07875 106
2 0.1425 0.2575 0.08 0.055 107
2 0.084375 0.078125 0.06125 0.06375 112
2 0.820625 0.271875 0.07625 0.05875 114
