0 0.044375 0.413125 0.08125 0.06625 3
0 0.354375 0.40375 0.08375 0.105 5
0 0.11125 0.1825 0.065 0.0825 6
0 0.01875 0.8325 0.0375 0.09 7
0 0.018125 0.695 0.03625 0.12 8
0 0.55625 0.224375 0.15 0.13125 11
0 0.67125 0.410625 0.0475 0.07875 12
0 0.770625 0.4125 0.06625 0.0875 13
0 0.8375 0.403125 0.0525 0.10125 14
0 0.503125 0.654375 0.10875 0.11625 15
0 0.7375 0.698125 0.1025 0.05625 16
0 0.92875 0.571875 0.105 0.07375 17
0 0.895 0.795625 0.0725 0.07625 21
0 0.71875 0.834375 0.11 0.11875 22
0 0.465 0.80875 0.08 0.0975 23
0 0.593125 0.879375 0.06625 0.12875 24
0 0.843125 0.154375 0.08125 0.09625 25
0 0.99125 0.19875 0.0175 0.1 30
0 0.2575 0.4525 0.08 0.0975 32
2 0.561875 0.34 0.08125 0.0675 34
2 0.54125 0.603125 0.1025 0.07875 37
0 0.615 0.68375 0.09 0.0575 111
