0 0.9125 0.24875 0.175 0.225 71
0 0.91875 0.79375 0.1625 0.23 72
0 0.916875 0.5075 0.16625 0.335 73
0 0.170625 0.48 0.34125 0.43 74
0 0.123125 0.985 0.24625 0.03 75
2 0.413125 0.31125 0.09625 0.085 76
2 0.429375 0.475625 0.07625 0.07875 77
2 0.549375 0.466875 0.07625 0.08375 78
2 0.515 0.275625 0.065 0.09625 79
2 0.563125 0.656875 0.07875 0.07125 80
2 0.566875 0.760625 0.08125 0.08125 81
2 0.578125 0.895625 0.08375 0.09625 82
2 0.145 0.979375 0.07 0.04125 83
2 0.801875 0.98625 0.10875 0.0275 84
2 0.091875 0.856875 0.06625 0.06125 103
2 0.40625 0.768125 0.0625 0.06125 104
2 0.403125 0.69375 0.07125 0.0625 105
2 0.1425 0.92375 0.08 0.055 107
2 0.003125 0.506875 0.00625 0.08375 110
2 0.084375 0.744375 0.06125 0.06375 112
2 0.1975 0.215 0.0625 0.075 113
2 0.820625 0.938125 0.07625 0.05875 114
