0 0.9125 0.014375 0.175 0.02875 71
0 0.91875 0.46125 0.1625 0.23 72
0 0.916875 0.175 0.16625 0.335 73
0 0.170625 0.18125 0.34125 0.3625 74
0 0.123125 0.81875 0.24625 0.3625 75
2 0.413125 0.010625 0.09625 0.02125 76
2 0.429375 0.143125 0.07625 0.07875 77
2 0.549375 0.134375 0.07625 0.08375 78
2 0.563125 0.324375 0.07875 0.07125 80
2 0.566875 0.428125 0.08125 0.08125 81
2 0.578125 0.563125 0.08375 0.09625 82
2 0.145 0.664375 0.07 0.07625 83
2 0.801875 0.6925 0.10875 0.105 84
2 0.091875 0.524375 0.06625 0.06125 103
2 0.40625 0.435625 0.0625 0.06125 104
2 0.403125 0.36125 0.07125 0.0625 105
2 0.92375 0.724375 0.07 0.07875 106
2 0.1425 0.59125 0.08 0.055 107
2 0.003125 0.174375 0.00625 0.08375 110
2 0.084375 0.411875 0.06125 0.06375 112
2 0.820625 0.605625 0.07625 0.05875 114
