2 0.025 0.93 0.05 0.065 50
0 0.49625 0.48 0.3575 0.43 74
0 0.409375 0.985 0.34125 0.03 75
2 0.746875 0.31125 0.09625 0.085 76
2 0.763125 0.475625 0.07625 0.07875 77
2 0.883125 0.466875 0.07625 0.08375 78
2 0.84875 0.275625 0.065 0.09625 79
2 0.896875 0.656875 0.07875 0.07125 80
2 0.900625 0.760625 0.08125 0.08125 81
2 0.911875 0.895625 0.08375 0.09625 82
2 0.47875 0.979375 0.07 0.04125 83
2 0.425625 0.856875 0.06625 0.06125 103
2 0.74 0.768125 0.0625 0.06125 104
2 0.736875 0.69375 0.07125 0.0625 105
2 0.47625 0.92375 0.08 0.055 107
2 0.304375 0.506875 0.07125 0.08375 110
2 0.418125 0.744375 0.06125 0.06375 112
2 0.53125 0.215 0.0625 0.075 113
