0 0.031875 0.40375 0.06375 0.105 5
0 0.22375 0.224375 0.15 0.13125 11
0 0.33875 0.410625 0.0475 0.07875 12
0 0.438125 0.4125 0.06625 0.0875 13
0 0.505 0.403125 0.0525 0.10125 14
0 0.170625 0.654375 0.10875 0.11625 15
0 0.405 0.698125 0.1025 0.05625 16
0 0.59625 0.571875 0.105 0.07375 17
0 0.868125 0.553125 0.12125 0.10125 18
0 0.84875 0.441875 0.0825 0.06875 20
0 0.5625 0.795625 0.0725 0.07625 21
0 0.38625 0.834375 0.11 0.11875 22
0 0.1325 0.80875 0.08 0.0975 23
0 0.260625 0.879375 0.06625 0.12875 24
0 0.510625 0.154375 0.08125 0.09625 25
0 0.995 0.536875 0.01 0.06625 26
0 0.93375 0.42375 0.05 0.075 28
0 0.68125 0.19875 0.0625 0.1 30
0 0.898125 0.17125 0.06625 0.0675 31
2 0.229375 0.34 0.08125 0.0675 34
2 0.20875 0.603125 0.1025 0.07875 37
2 0.88625 0.35 0.0775 0.065 51
0 0.2825 0.68375 0.09 0.0575 111
